()                                                                          ()

0.40000000000000E+01   3
  0.0000    0.0000    0.0000   0.0000
  0.0000    .00e+00   .00e+00
  0.0000    .00e+00   .00e+00
  0.0000    .00e+00   .00e+00
  0.0000    .00e+00   .00e+00
  0.0000    .00e+00   .00e+00
  0.0000    .00e+00   .00e+00
  0.0000    .00e+00   .00e+00
  0.0000    .00e+00   .00e+00
  0.0000    .00e+00   .00e+00 461  0.10247000000000E+01
   1 0.10416666666667E-02 0.72805989472748E-03 -.19313364114885E+01
   2 0.10673958333333E-02 0.74604297412725E-03 -.19313575380893E+01
   3 0.10937605104167E-02 0.76447023558819E-03 -.19313781468565E+01
   4 0.11207763950240E-02 0.78335265040722E-03 -.19313982498429E+01
   5 0.11484595719810E-02 0.80270146158787E-03 -.19314178587895E+01
   6 0.11768265234090E-02 0.82252819012160E-03 -.19314369851314E+01
   7 0.12058941385372E-02 0.84284464040227E-03 -.19314556400048E+01
   8 0.12356797237591E-02 0.86366290873216E-03 -.19314738342524E+01
   9 0.12662010129359E-02 0.88499539014854E-03 -.19314915784294E+01
  10 0.12974761779554E-02 0.90685478585551E-03 -.19315088828092E+01
  11 0.13295238395509E-02 0.92925411078765E-03 -.19315257573889E+01
  12 0.13623630783878E-02 0.95220670135996E-03 -.19315422118944E+01
  13 0.13960134464240E-02 0.97572622340925E-03 -.19315582557853E+01
  14 0.14304949785507E-02 0.99982668033180E-03 -.19315738982600E+01
  15 0.14658282045209E-02 0.10245224214222E-02 -.19315891482601E+01
  16 0.15020341611725E-02 0.10498281504179E-02 -.19316040144752E+01
  17 0.15391344049535E-02 0.10757589342553E-02 -.19316185053466E+01
  18 0.15771510247559E-02 0.11023302120421E-02 -.19316326290718E+01
  19 0.16161066550673E-02 0.11295578042511E-02 -.19316463936081E+01
  20 0.16560244894475E-02 0.11574579221413E-02 -.19316598066765E+01
  21 0.16969282943368E-02 0.11860471774124E-02 -.19316728757649E+01
  22 0.17388424232070E-02 0.12153425920965E-02 -.19316856081316E+01
  23 0.17817918310602E-02 0.12453616086960E-02 -.19316980108082E+01
  24 0.18258020892874E-02 0.12761221005708E-02 -.19317100906027E+01
  25 0.18708994008928E-02 0.13076423825824E-02 -.19317218541018E+01
  26 0.19171106160948E-02 0.13399412220016E-02 -.19317333076739E+01
  27 0.19644632483123E-02 0.13730378496852E-02 -.19317444574710E+01
  28 0.20129854905457E-02 0.14069519715293E-02 -.19317553094307E+01
  29 0.20627062321621E-02 0.14417037802057E-02 -.19317658692786E+01
  30 0.21136550760965E-02 0.14773139671878E-02 -.19317761425293E+01
  31 0.21658623564761E-02 0.15138037350751E-02 -.19317861344883E+01
  32 0.22193591566811E-02 0.15511948102207E-02 -.19317958502531E+01
  33 0.22741773278511E-02 0.15895094556723E-02 -.19318052947141E+01
  34 0.23303495078490E-02 0.16287704844325E-02 -.19318144725556E+01
  35 0.23879091406929E-02 0.16690012730468E-02 -.19318233882561E+01
  36 0.24468904964680E-02 0.17102257755283E-02 -.19318320460889E+01
  37 0.25073286917308E-02 0.17524685376257E-02 -.19318404501219E+01
  38 0.25692597104165E-02 0.17957547114452E-02 -.19318486042177E+01
  39 0.26327204252638E-02 0.18401100704327E-02 -.19318565120331E+01
  40 0.26977486197678E-02 0.18855610247278E-02 -.19318641770183E+01
  41 0.27643830106761E-02 0.19321346368965E-02 -.19318716024160E+01
  42 0.28326632710398E-02 0.19798586380537E-02 -.19318787912605E+01
  43 0.29026300538345E-02 0.20287614443842E-02 -.19318857463757E+01
  44 0.29743250161642E-02 0.20788721740721E-02 -.19318924703739E+01
  45 0.30477908440635E-02 0.21302206646496E-02 -.19318989656531E+01
  46 0.31230712779118E-02 0.21828374907746E-02 -.19319052343950E+01
  47 0.32002111384762E-02 0.22367539824479E-02 -.19319112785626E+01
  48 0.32792563535966E-02 0.22920022436821E-02 -.19319170998962E+01
  49 0.33602539855304E-02 0.23486151716315E-02 -.19319226999112E+01
  50 0.34432522589730E-02 0.24066264761956E-02 -.19319280798934E+01
  51 0.35283005897697E-02 0.24660707001086E-02 -.19319332408954E+01
  52 0.36154496143370E-02 0.25269832395251E-02 -.19319381837323E+01
  53 0.37047512198111E-02 0.25894003651161E-02 -.19319429089762E+01
  54 0.37962585749404E-02 0.26533592436873E-02 -.19319474169514E+01
  55 0.38900261617415E-02 0.27188979603320E-02 -.19319517077287E+01
  56 0.39861098079365E-02 0.27860555411337E-02 -.19319557811190E+01
  57 0.40845667201925E-02 0.28548719764303E-02 -.19319596366669E+01
  58 0.41854555181813E-02 0.29253882446545E-02 -.19319632736435E+01
  59 0.42888362694803E-02 0.29976463367655E-02 -.19319666910388E+01
  60 0.43947705253365E-02 0.30716892812850E-02 -.19319698875535E+01
  61 0.45033213573123E-02 0.31475611699551E-02 -.19319728615907E+01
  62 0.46145533948379E-02 0.32253071840309E-02 -.19319756112462E+01
  63 0.47285328636904E-02 0.33049736212257E-02 -.19319781342990E+01
  64 0.48453276254236E-02 0.33866079233236E-02 -.19319804282007E+01
  65 0.49650072177716E-02 0.34702587044780E-02 -.19319824900644E+01
  66 0.50876428960505E-02 0.35559757802110E-02 -.19319843166533E+01
  67 0.52133076755830E-02 0.36438101971327E-02 -.19319859043675E+01
  68 0.53420763751699E-02 0.37338142633983E-02 -.19319872492315E+01
  69 0.54740256616366E-02 0.38260415799207E-02 -.19319883468799E+01
  70 0.56092340954790E-02 0.39205470723584E-02 -.19319891925426E+01
  71 0.57477821776373E-02 0.40173870238978E-02 -.19319897810293E+01
  72 0.58897523974249E-02 0.41166191088494E-02 -.19319901067129E+01
  73 0.60352292816413E-02 0.42183024270796E-02 -.19319901635123E+01
  74 0.61842994448979E-02 0.43224975392978E-02 -.19319899448736E+01
  75 0.63370516411869E-02 0.44292665032206E-02 -.19319894437510E+01
  76 0.64935768167242E-02 0.45386729106365E-02 -.19319886525865E+01
  77 0.66539681640973E-02 0.46507819253913E-02 -.19319875632880E+01
  78 0.68183211777505E-02 0.47656603223203E-02 -.19319861672068E+01
  79 0.69867337108409E-02 0.48833765271490E-02 -.19319844551137E+01
  80 0.71593060334987E-02 0.50040006573883E-02 -.19319824171736E+01
  81 0.73361408925261E-02 0.51276045642478E-02 -.19319800429196E+01
  82 0.75173435725715E-02 0.52542618755952E-02 -.19319773212244E+01
  83 0.77030219588140E-02 0.53840480399862E-02 -.19319742402714E+01
  84 0.78932866011967E-02 0.55170403717938E-02 -.19319707875239E+01
  85 0.80882507802463E-02 0.56533180974634E-02 -.19319669496923E+01
  86 0.82880305745183E-02 0.57929624029242E-02 -.19319627127006E+01
  87 0.84927449297089E-02 0.59360564821854E-02 -.19319580616500E+01
  88 0.87025157294728E-02 0.60826855871470E-02 -.19319529807818E+01
  89 0.89174678679907E-02 0.62329370786577E-02 -.19319474534375E+01
  90 0.91377293243301E-02 0.63869004788512E-02 -.19319414620174E+01
  91 0.93634312386411E-02 0.65446675247932E-02 -.19319349879369E+01
  92 0.95947079902355E-02 0.67063322234743E-02 -.19319280115811E+01
  93 0.98316972775943E-02 0.68719909081821E-02 -.19319205122564E+01
  94 0.10074540200351E-01 0.70417422962896E-02 -.19319124681400E+01
  95 0.10323381343300E-01 0.72156875484951E-02 -.19319038562273E+01
  96 0.10578368862479E-01 0.73939303295525E-02 -.19318946522764E+01
  97 0.10839654573382E-01 0.75765768705313E-02 -.19318848307495E+01
  98 0.11107394041345E-01 0.77637360326438E-02 -.19318743647522E+01
  99 0.11381746674166E-01 0.79555193726840E-02 -.19318632259691E+01
 100 0.11662875817018E-01 0.81520412101178E-02 -.19318513845971E+01
 101 0.11950948849698E-01 0.83534186958693E-02 -.19318388092747E+01
 102 0.12246137286286E-01 0.85597718828476E-02 -.19318254670084E+01
 103 0.12548616877257E-01 0.87712237982610E-02 -.19318113230952E+01
 104 0.12858567714125E-01 0.89879005177649E-02 -.19317963410420E+01
 105 0.13176174336664E-01 0.92099312414933E-02 -.19317804824804E+01
 106 0.13501625842780E-01 0.94374483720241E-02 -.19317637070779E+01
 107 0.13835116001096E-01 0.96705875943304E-02 -.19317459724454E+01
 108 0.14176843366324E-01 0.99094879577708E-02 -.19317272340390E+01
 109 0.14527011397472E-01 0.10154291960175E-01 -.19317074450590E+01
 110 0.14885828578989E-01 0.10405145634079E-01 -.19316865563424E+01
 111 0.15253508544890E-01 0.10662198635177E-01 -.19316645162521E+01
 112 0.15630270205949E-01 0.10925604333034E-01 -.19316412705598E+01
 113 0.16016337880036E-01 0.11195519904144E-01 -.19316167623241E+01
 114 0.16411941425673E-01 0.11472106427378E-01 -.19315909317630E+01
 115 0.16817316378887E-01 0.11755528981902E-01 -.19315637161209E+01
 116 0.17232704093446E-01 0.12045956747629E-01 -.19315350495287E+01
 117 0.17658351884554E-01 0.12343563108277E-01 -.19315048628591E+01
 118 0.18094513176102E-01 0.12648525757104E-01 -.19314730835744E+01
 119 0.18541447651552E-01 0.12961026805405E-01 -.19314396355682E+01
 120 0.18999421408545E-01 0.13281252893841E-01 -.19314044390000E+01
 121 0.19468707117336E-01 0.13609395306683E-01 -.19313674101224E+01
 122 0.19949584183135E-01 0.13945650089063E-01 -.19313284611022E+01
 123 0.20442338912458E-01 0.14290218167313E-01 -.19312874998321E+01
 124 0.20947264683596E-01 0.14643305472483E-01 -.19312444297361E+01
 125 0.21464662121280E-01 0.15005123067134E-01 -.19311991495662E+01
 126 0.21994839275676E-01 0.15375887275513E-01 -.19311515531907E+01
 127 0.22538111805785E-01 0.15755819817189E-01 -.19311015293748E+01
 128 0.23094803167388E-01 0.16145147944279E-01 -.19310489615514E+01
 129 0.23665244805623E-01 0.16544104582364E-01 -.19309937275842E+01
 130 0.24249776352322E-01 0.16952928475207E-01 -.19309356995204E+01
 131 0.24848745828224E-01 0.17371864333392E-01 -.19308747433359E+01
 132 0.25462509850181E-01 0.17801162987013E-01 -.19308107186693E+01
 133 0.26091433843480E-01 0.18241081542536E-01 -.19307434785476E+01
 134 0.26735892259414E-01 0.18691883543971E-01 -.19306728691018E+01
 135 0.27396268798222E-01 0.19153839138489E-01 -.19305987292733E+01
 136 0.28072956637538E-01 0.19627225246634E-01 -.19305208905098E+01
 137 0.28766358666485E-01 0.20112325737281E-01 -.19304391764523E+01
 138 0.29476887725547E-01 0.20609431607494E-01 -.19303534026120E+01
 139 0.30204966852368E-01 0.21118841167456E-01 -.19302633760382E+01
 140 0.30951029533622E-01 0.21640860230641E-01 -.19301688949762E+01
 141 0.31715519963102E-01 0.22175802309400E-01 -.19300697485170E+01
 142 0.32498893306191E-01 0.22723988816173E-01 -.19299657162374E+01
 143 0.33301615970854E-01 0.23285749270491E-01 -.19298565678330E+01
 144 0.34124165885334E-01 0.23861421512015E-01 -.19297420627422E+01
 145 0.34967032782702E-01 0.24451351919792E-01 -.19296219497641E+01
 146 0.35830718492435E-01 0.25055895637981E-01 -.19294959666701E+01
 147 0.36715737239198E-01 0.25675416808277E-01 -.19293638398097E+01
 148 0.37622615949006E-01 0.26310288809291E-01 -.19292252837125E+01
 149 0.38551894562946E-01 0.26960894503139E-01 -.19290800006876E+01
 150 0.39504126358651E-01 0.27627626489532E-01 -.19289276804212E+01
 151 0.40479878279710E-01 0.28310887367641E-01 -.19287679995749E+01
 152 0.41479731273219E-01 0.29011090006067E-01 -.19286006213866E+01
 153 0.42504280635667E-01 0.29728657821217E-01 -.19284251952753E+01
 154 0.43554136367368E-01 0.30464025064439E-01 -.19282413564548E+01
 155 0.44629923535642E-01 0.31217637118272E-01 -.19280487255560E+01
 156 0.45732282646972E-01 0.31989950802198E-01 -.19278469082640E+01
 157 0.46861870028353E-01 0.32781434688278E-01 -.19276354949723E+01
 158 0.48019358218053E-01 0.33592569427117E-01 -.19274140604587E+01
 159 0.49205436366039E-01 0.34423848084586E-01 -.19271821635875E+01
 160 0.50420810644280E-01 0.35275776489791E-01 -.19269393470440E+01
 161 0.51666204667194E-01 0.36148873594767E-01 -.19266851371064E+01
 162 0.52942359922473E-01 0.37043671846451E-01 -.19264190434620E+01
 163 0.54250036212558E-01 0.37960717571479E-01 -.19261405590757E+01
 164 0.55590012107009E-01 0.38900571374397E-01 -.19258491601186E+01
 165 0.56963085406052E-01 0.39863808549933E-01 -.19255443059653E+01
 166 0.58370073615581E-01 0.40851019509984E-01 -.19252254392712E+01
 167 0.59811814433886E-01 0.41862810226032E-01 -.19248919861404E+01
 168 0.61289166250403E-01 0.42899802687737E-01 -.19245433563962E+01
 169 0.62803008656788E-01 0.43962635378512E-01 -.19241789439687E+01
 170 0.64354242970611E-01 0.45051963768935E-01 -.19237981274140E+01
 171 0.65943792771985E-01 0.46168460828881E-01 -.19234002705824E+01
 172 0.67572604453453E-01 0.47312817559357E-01 -.19229847234524E+01
 173 0.69241647783453E-01 0.48485743545049E-01 -.19225508231520E+01
 174 0.70951916483704E-01 0.49687967528675E-01 -.19220978951892E+01
 175 0.72704428820852E-01 0.50920238008301E-01 -.19216252549146E+01
 176 0.74500228212727E-01 0.52183323858847E-01 -.19211322092440E+01
 177 0.76340383849581E-01 0.53478014979115E-01 -.19206180586690E+01
 178 0.78225991330666E-01 0.54805122965718E-01 -.19200820995876E+01
 179 0.80158173316533E-01 0.56165481815426E-01 -.19195236269890E+01
 180 0.82138080197452E-01 0.57559948657502E-01 -.19189419375303E+01
 181 0.84166890778329E-01 0.58989404517750E-01 -.19183363330464E+01
 182 0.86245812980554E-01 0.60454755116059E-01 -.19177061245368E+01
 183 0.88376084561173E-01 0.61956931699409E-01 -.19170506366784E+01
 184 0.90558973849834E-01 0.63496891912379E-01 -.19163692129171E+01
 185 0.92795780503925E-01 0.65075620707377E-01 -.19156612211945E+01
 186 0.95087836282372E-01 0.66694131296935E-01 -.19149260603728E+01
 187 0.97436505838547E-01 0.68353466150582E-01 -.19141631674236E+01
 188 0.99843187532759E-01 0.70054698038988E-01 -.19133720254545E+01
 189 0.10230931426482E+00 0.71798931128216E-01 -.19125521726512E+01
 190 0.10483635432716E+00 0.73587302127171E-01 -.19117032122207E+01
 191 0.10742581227904E+00 0.75420981491478E-01 -.19108248234267E+01
 192 0.11007922984233E+00 0.77301174687287E-01 -.19099167738163E+01
 193 0.11279818681944E+00 0.79229123518716E-01 -.19089789327446E+01
 194 0.11558430203388E+00 0.81206107522889E-01 -.19080112863125E+01
 195 0.11843923429411E+00 0.83233445436804E-01 -.19070139538404E+01
 196 0.12136468338118E+00 0.85312496740525E-01 -.19059872060119E+01
 197 0.12436239106069E+00 0.87444663281503E-01 -.19049314848296E+01
 198 0.12743414211989E+00 0.89631390985128E-01 -.19038474255366E+01
 199 0.13058176543025E+00 0.91874171656966E-01 -.19027358806695E+01
 200 0.13380713503638E+00 0.94174544882434E-01 -.19015979464173E+01
 201 0.13711217127178E+00 0.96534100030082E-01 -.19004349914774E+01
 202 0.14049884190219E+00 0.98954478364974E-01 -.18992486886111E+01
 203 0.14396916329718E+00 0.10143737527909E+00 -.18980410491131E+01
 204 0.14752520163062E+00 0.10398454264606E+00 -.18968144604284E+01
 205 0.15116907411089E+00 0.10659779130790E+00 -.18955717271631E+01
 206 0.15490295024143E+00 0.10927899370196E+00 -.18943161157504E+01
 207 0.15872905311240E+00 0.11203008663664E+00 -.18930514030533E+01
 208 0.16264966072427E+00 0.11485307422478E+00 -.18917819292006E+01
 209 0.16666710734416E+00 0.11775003098424E+00 -.18905126549709E+01
 210 0.17078378489556E+00 0.12072310511541E+00 -.18892492240588E+01
 211 0.17500214438248E+00 0.12377452196584E+00 -.18879980305744E+01
 212 0.17932469734873E+00 0.12690658769252E+00 -.18867662921475E+01
 213 0.18375401737324E+00 0.13012169313265E+00 -.18855621290245E+01
 214 0.18829274160236E+00 0.13342231789390E+00 -.18843946495644E+01
 215 0.19294357231994E+00 0.13681103467525E+00 -.18832740425559E+01
 216 0.19770927855624E+00 0.14029051382978E+00 -.18822116767939E+01
 217 0.20259269773658E+00 0.14386352818018E+00 -.18812202083633E+01
 218 0.20759673737068E+00 0.14753295809788E+00 -.18803136960886E+01
 219 0.21272437678373E+00 0.15130179685586E+00 -.18795077256121E+01
 220 0.21797866889029E+00 0.15517315626437E+00 -.18788195425620E+01
 221 0.22336274201188E+00 0.15915027259774E+00 -.18782681952619E+01
 222 0.22887980173958E+00 0.16323651281862E+00 -.18778746874184E+01
 223 0.23453313284254E+00 0.16743538110393E+00 -.18776621411928E+01
 224 0.24032610122375E+00 0.17175052567405E+00 -.18776559710191E+01
 225 0.24626215592398E+00 0.17618574592298E+00 -.18778840684751E+01
 226 0.25234483117530E+00 0.18074499984300E+00 -.18783769984282E+01
 227 0.25857774850533E+00 0.18543241173155E+00 -.18791682065765E+01
 228 0.26496461889341E+00 0.19025228016126E+00 -.18802942383703E+01
 229 0.27150924498008E+00 0.19520908618553E+00 -.18817949691282E+01
 230 0.27821552333109E+00 0.20030750174191E+00 -.18837138449526E+01
 231 0.28508744675737E+00 0.20555239820273E+00 -.18860981337861E+01
 232 0.29212910669227E+00 0.21094885500787E+00 -.18889991856326E+01
 233 0.29934469562757E+00 0.21650216829604E+00 -.18924727005780E+01
 234 0.30673850960957E+00 0.22221785942956E+00 -.18965790027782E+01
 235 0.31431495079693E+00 0.22810168328198E+00 -.19013833180204E+01
 236 0.32207853008161E+00 0.23415963612726E+00 -.19069560517991E+01
 237 0.33003386977463E+00 0.24039796293313E+00 -.19133730640517E+01
 238 0.33818570635806E+00 0.24682316381876E+00 -.19207159357690E+01
 239 0.34653889330511E+00 0.25344199938711E+00 -.19290722215954E+01
 240 0.35509840396974E+00 0.26026149458357E+00 -.19385356812565E+01
 241 0.36386933454780E+00 0.26728894066468E+00 -.19492064811600E+01
 242 0.37285690711113E+00 0.27453189478164E+00 -.19611913557939E+01
 243 0.38206647271677E+00 0.28199817659155E+00 -.19746037165668E+01
 244 0.39150351459288E+00 0.28969586120465E+00 -.19895636934650E+01
 245 0.40117365140332E+00 0.29763326765462E+00 -.20061980923248E+01
 246 0.41108264059298E+00 0.30581894194213E+00 -.20246402476114E+01
 247 0.42123638181563E+00 0.31426163354635E+00 -.20450297473299E+01
 248 0.43164092044648E+00 0.32297026412406E+00 -.20675120030786E+01
 249 0.44230245118150E+00 0.33195388692192E+00 -.20922376342742E+01
 250 0.45322732172569E+00 0.34122163521212E+00 -.21193616312644E+01
 251 0.46442203657231E+00 0.35078265782742E+00 -.21490422574302E+01
 252 0.47589326087565E+00 0.36064603962007E+00 -.21814396455538E+01
 253 0.48764782441928E+00 0.37082070440278E+00 -.22167140387931E+01
 254 0.49969272568243E+00 0.38131529765679E+00 -.22550236217491E+01
 255 0.51203513600679E+00 0.39213804601854E+00 -.22965218825715E+01
 256 0.52468240386616E+00 0.40329659029743E+00 -.23413544431627E+01
 257 0.53764205924165E+00 0.41479778854893E+00 -.23896552917578E+01
 258 0.55092181810492E+00 0.42664748555338E+00 -.24415423510530E+01
 259 0.56452958701211E+00 0.43885024496374E+00 -.24971123163831E+01
 260 0.57847346781131E+00 0.45140904042313E+00 -.25564347031293E+01
 261 0.59276176246625E+00 0.46432490216694E+00 -.26195450517310E+01
 262 0.60740297799916E+00 0.47759651607593E+00 -.26864372537527E+01
 263 0.62240583155574E+00 0.49121977290937E+00 -.27570549850660E+01
 264 0.63777925559517E+00 0.50518726660932E+00 -.28312822642157E+01
 265 0.65353240320837E+00 0.51948774222591E+00 -.29089331975698E+01
 266 0.66967465356762E+00 0.53410549627780E+00 -.29897410301513E+01
 267 0.68621561751074E+00 0.54901973534236E+00 -.30733466944592E+01
 268 0.70316514326325E+00 0.56420390247402E+00 -.31592871412646E+01
 269 0.72053332230186E+00 0.57962498576397E+00 -.32469838481434E+01
 270 0.73833049536271E+00 0.59524282903001E+00 -.33357320343839E+01
 271 0.75656725859817E+00 0.61100947124944E+00 -.34246912646535E+01
 272 0.77525446988555E+00 0.62686854880866E+00 -.35128782962549E+01
 273 0.79440325529172E+00 0.64275480269484E+00 -.35991632110449E+01
 274 0.81402501569742E+00 0.65859374096611E+00 -.36822700645540E+01
 275 0.83413143358515E+00 0.67430151454897E+00 -.37607834682272E+01
 276 0.85473447999470E+00 0.68978507069143E+00 -.38331626768853E+01
 277 0.87584642165057E+00 0.70494265201900E+00 -.38977648565939E+01
 278 0.89747982826534E+00 0.71966470856802E+00 -.39528792247438E+01
 279 0.91964758002349E+00 0.73383528363137E+00 -.39967736432759E+01
 280 0.94236287525008E+00 0.74733391982978E+00 -.40277549595166E+01
 281 0.96563923826875E+00 0.76003810766560E+00 -.40442438733142E+01
 282 0.98949052745399E+00 0.77182626342013E+00 -.40448643071581E+01
 283 0.10139309434821E+01 0.78258117585653E+00 -.40285461102937E+01
 284 0.10389750377861E+01 0.79219380222568E+00 -.39946383824902E+01
 285 0.10646377212194E+01 0.80056722569289E+00 -.39430287019231E+01
 286 0.10909342729335E+01 0.80762051287332E+00 -.38742610192505E+01
 287 0.11178803494750E+01 0.81329213870093E+00 -.37896418392530E+01
 288 0.11454919941070E+01 0.81754258640824E+00 -.36913203795874E+01
 289 0.11737856463615E+01 0.82035569641993E+00 -.35823233526092E+01
 290 0.12027781518266E+01 0.82173834696077E+00 -.34665182888301E+01
 291 0.12324867721767E+01 0.82171812400574E+00 -.33484699615960E+01
 292 0.12629291954495E+01 0.82033880977556E+00 -.32331410490220E+01
 293 0.12941235465771E+01 0.81765383114479E+00 -.31253687454885E+01
 294 0.13260883981776E+01 0.81371832648154E+00 -.30290213696673E+01
 295 0.13588427816125E+01 0.80858130674429E+00 -.29457010959007E+01
 296 0.13924061983184E+01 0.80228064103017E+00 -.28728097755974E+01
 297 0.14267986314168E+01 0.79484470763832E+00 -.28035417714682E+01
 298 0.14620405576128E+01 0.78630093811540E+00 -.27359483706604E+01
 299 0.14981529593859E+01 0.77668179887022E+00 -.26699880664452E+01
 300 0.15351573374827E+01 0.76602327551362E+00 -.26056205992324E+01
 301 0.15730757237185E+01 0.75436484121959E+00 -.25428068774703E+01
 302 0.16119306940944E+01 0.74174945307414E+00 -.24815089092355E+01
 303 0.16517453822385E+01 0.72822330532938E+00 -.24216897428874E+01
 304 0.16925434931798E+01 0.71383560960279E+00 -.23633134153705E+01
 305 0.17343493174613E+01 0.69863835326184E+00 -.23063449069466E+01
 306 0.17771877456026E+01 0.68268604283664E+00 -.22507501013057E+01
 307 0.18210842829190E+01 0.66603543437470E+00 -.21964957501642E+01
 308 0.18660650647071E+01 0.64874525241449E+00 -.21435494415941E+01
 309 0.19121568718054E+01 0.63087589932149E+00 -.20918795714464E+01
 310 0.19593871465390E+01 0.61248915672553E+00 -.20414553173390E+01
 311 0.20077840090585E+01 0.59364788079204E+00 -.19922466147677E+01
 312 0.20573762740822E+01 0.57441569307475E+00 -.19442241349782E+01
 313 0.21081934680520E+01 0.55485666866498E+00 -.18973592643018E+01
 314 0.21602658467129E+01 0.53503502303355E+00 -.18516240847150E+01
 315 0.22136244131267E+01 0.51501479982325E+00 -.18069913554265E+01
 316 0.22683009361310E+01 0.49485956083714E+00 -.17634344953373E+01
 317 0.23243279692534E+01 0.47463208000610E+00 -.17209275662485E+01
 318 0.23817388700940E+01 0.45439404300698E+00 -.16794452567175E+01
 319 0.24405678201853E+01 0.43420575420845E+00 -.16389628664862E+01
 320 0.25008498453439E+01 0.41412585263017E+00 -.15994562914177E+01
 321 0.25626208365239E+01 0.39421103861020E+00 -.15609020088941E+01
 322 0.26259175711860E+01 0.37451581288342E+00 -.15232770636372E+01
 323 0.26907777351943E+01 0.35509222977610E+00 -.14865590539209E+01
 324 0.27572399452536E+01 0.33598966621598E+00 -.14507261181515E+01
 325 0.28253437719014E+01 0.31725460823821E+00 -.14157569217971E+01
 326 0.28951297630673E+01 0.29893045663244E+00 -.13816306446483E+01
 327 0.29666394682151E+01 0.28105735332078E+00 -.13483269683983E+01
 328 0.30399154630800E+01 0.26367202997633E+00 -.13158260645299E+01
 329 0.31150013750181E+01 0.24680768028512E+00 -.12841085825003E+01
 330 0.31919419089810E+01 0.23049385711816E+00 -.12531556382132E+01
 331 0.32707828741328E+01 0.21475639571238E+00 -.12229488027720E+01
 332 0.33515712111239E+01 0.19961736376030E+00 -.11934700915050E+01
 333 0.34343550200387E+01 0.18509503907797E+00 -.11647019532560E+01
 334 0.35191835890336E+01 0.17120391526090E+00 -.11366272599337E+01
 335 0.36061074236828E+01 0.15795473545172E+00 -.11092292963138E+01
 336 0.36951782770477E+01 0.14535455403416E+00 -.10824917500862E+01
 337 0.37864491804908E+01 0.13340682574234E+00 -.10563987021430E+01
 338 0.38799744752489E+01 0.12211152133645E+00 -.10309346171005E+01
 339 0.39758098447876E+01 0.11146526865418E+00 -.10060843340494E+01
 340 0.40740123479538E+01 0.10146151750878E+00 -.98183305752845E+00
 341 0.41746404529483E+01 0.92090726576047E-01 -.95816634871518E+00
 342 0.42777540721361E+01 0.83340570104441E-01 -.93507011682949E+00
 343 0.43834145977179E+01 0.75196161999763E-01 -.91253061074411E+00
 344 0.44916849382815E+01 0.67640294588520E-01 -.89053441079741E+00
 345 0.46026295562571E+01 0.60653689157396E-01 -.86906842080356E+00
 346 0.47163145062966E+01 0.54215255207009E-01 -.84811986025526E+00
 347 0.48328074746021E+01 0.48302355250918E-01 -.82767625671441E+00
 348 0.49521778192248E+01 0.42891071939389E-01 -.80772543838627E+00
 349 0.50744966113597E+01 0.37956474293866E-01 -.78825552687252E+00
 350 0.51998366776603E+01 0.33472879903171E-01 -.76925493009907E+00
 351 0.53282726435985E+01 0.29414110055186E-01 -.75071233541434E+00
 352 0.54598809778953E+01 0.25753734955784E-01 -.73261670285385E+00
 353 0.55947400380494E+01 0.22465306416022E-01 -.71495725856724E+00
 354 0.57329301169892E+01 0.19522575663726E-01 -.69772348840367E+00
 355 0.58745334908788E+01 0.16899694250020E-01 -.68090513165187E+00
 356 0.60196344681035E+01 0.14571396367351E-01 -.66449217493107E+00
 357 0.61683194394657E+01 0.12513161264818E-01 -.64847484622921E+00
 358 0.63206769296205E+01 0.10701354830135E-01 -.63284360908481E+00
 359 0.64767976497821E+01 0.91133497965028E-02 -.61758915690915E+00
 360 0.66367745517317E+01 0.77276244179910E-02 -.60270240744526E+00
 361 0.68007028831595E+01 0.65238398308417E-02 -.58817449736045E+00
 362 0.69686802443735E+01 0.54828966728229E-02 -.57399677696931E+00
 363 0.71408066464096E+01 0.45869718623633E-02 -.56016080508374E+00
 364 0.73171845705759E+01 0.38195367380318E-02 -.54665834398725E+00
 365 0.74979190294691E+01 0.31653580210535E-02 -.53348135453034E+00
 366 0.76831176294970E+01 0.26104832800085E-02 -.52062199134414E+00
 367 0.78728906349456E+01 0.21422127322753E-02 -.50807259816935E+00
 368 0.80673510336287E+01 0.17490592884978E-02 -.49582570329789E+00
 369 0.82666146041593E+01 0.14206987141211E-02 -.48387401512431E+00
 370 0.84707999848821E+01 0.11479116545589E-02 -.47221041780453E+00
 371 0.86800287445087E+01 0.92251910994699E-03 -.46082796701915E+00
 372 0.88944254544980E+01 0.73731284451671E-03 -.44971988583893E+00
 373 0.91141177632241E+01 0.58598222224077E-03 -.43887956068988E+00
 374 0.93392364719758E+01 0.46303902697550E-03 -.42830053741571E+00
 375 0.95699156128336E+01 0.36374185007193E-03 -.41797651743506E+00
 376 0.98062925284705E+01 0.28402154108856E-03 -.40790135399147E+00
 377 0.10048507953924E+02 0.22040901864214E-03 -.39806904849367E+00
 378 0.10296706100386E+02 0.16996647629208E-03 -.38847374694415E+00
 379 0.10551034741065E+02 0.13022274516940E-03 -.37910973645374E+00
 380 0.10811645299170E+02 0.99113324962416E-04 -.36997144184028E+00
 381 0.11078692938059E+02 0.74925381955055E-04 -.36105342230924E+00
 382 0.11352336653629E+02 0.56247838548936E-04 -.35235036821435E+00
 383 0.11632739368974E+02 0.41926539153621E-04 -.34385709789631E+00
 384 0.11920068031387E+02 0.31024367387634E-04 -.33556855459774E+00
 385 0.12214493711763E+02 0.22786104620938E-04 -.32747980345246E+00
 386 0.12516191706443E+02 0.16607756338574E-04 -.31958602854734E+00
 387 0.12825341641592E+02 0.12010027695263E-04 -.31188253005498E+00
 388 0.13142127580140E+02 0.86156005247200E-05 -.30436472143553E+00
 389 0.13466738131369E+02 0.61298487922494E-05 -.29702812670589E+00
 390 0.13799366563214E+02 0.43246259930127E-05 -.28986837777485E+00
 391 0.14140210917325E+02 0.30247643299377E-05 -.28288121184234E+00
 392 0.14489474126983E+02 0.20969397448519E-05 -.27606246886146E+00
 393 0.14847364137920E+02 0.14405771963381E-05 -.26940808906164E+00
 394 0.15214094032126E+02 0.98049526585806E-06 -.26291411053151E+00
 395 0.15589882154720E+02 0.66101666905006E-06 -.25657666686007E+00
 396 0.15974952243941E+02 0.44130017280617E-06 -.25039198483465E+00
 397 0.16369533564367E+02 0.29167859529211E-06 -.24435638219445E+00
 398 0.16773861043407E+02 0.19081603430831E-06 -.23846626543813E+00
 399 0.17188175411179E+02 0.12352448273647E-06 -.23271812768433E+00
 400 0.17612723343835E+02 0.79105006901508E-07 -.22710854658371E+00
 401 0.18047757610428E+02 0.50101331169473E-07 -.22163418228136E+00
 402 0.18493537223405E+02 0.31373801757072E-07 -.21629177542829E+00
 403 0.18950327592823E+02 0.19419244930982E-07 -.21107814524084E+00
 404 0.19418400684366E+02 0.11877250584637E-07 -.20599018760695E+00
 405 0.19898035181270E+02 0.71760457382505E-08 -.20102487323797E+00
 406 0.20389516650247E+02 0.42815752624921E-08 -.19617924586511E+00
 407 0.20893137711508E+02 0.25219149574969E-08 -.19145042047927E+00
 408 0.21409198212983E+02 0.14659560388529E-08 -.18683558161342E+00
 409 0.21938005408843E+02 0.84067082011469E-09 -.18233198166627E+00
 410 0.22479874142442E+02 0.47543583921922E-09 -.17793693926639E+00
 411 0.23035127033760E+02 0.26506999759436E-09 -.17364783767580E+00
 412 0.23604094671494E+02 0.14563608684995E-09 -.16946212323198E+00
 413 0.24187115809880E+02 0.78822349573625E-10 -.16537730382744E+00
 414 0.24784537570384E+02 0.42007695416261E-10 -.16139094742602E+00
 415 0.25396715648372E+02 0.22035833302295E-10 -.15750068061484E+00
 416 0.26024014524887E+02 0.11372810870530E-10 -.15370418719122E+00
 417 0.26666807683652E+02 0.57723857044480E-11 -.14999920678366E+00
 418 0.27325477833438E+02 0.28800149953493E-11 -.14638353350607E+00
 419 0.28000417135924E+02 0.14118468484693E-11 -.14285501464435E+00
 420 0.28692027439181E+02 0.67963321912650E-12 -.13941154937480E+00
 421 0.29400720516929E+02 0.32109825316678E-12 -.13605108751322E+00
 422 0.30126918313697E+02 0.00000000000000E+00 -.13277162829436E+00
 423 0.30871053196045E+02 0.00000000000000E+00 -.12957121918060E+00
 424 0.31633568209988E+02 0.00000000000000E+00 -.12644795469952E+00
 425 0.32414917344774E+02 0.00000000000000E+00 -.12339997530938E+00
 426 0.33215565803190E+02 0.00000000000000E+00 -.12042546629198E+00
 427 0.34035990278529E+02 0.00000000000000E+00 -.11752265667218E+00
 428 0.34876679238409E+02 0.00000000000000E+00 -.11468981816354E+00
 429 0.35738133215598E+02 0.00000000000000E+00 -.11192526413930E+00
 430 0.36620865106023E+02 0.00000000000000E+00 -.10922734862818E+00
 431 0.37525400474142E+02 0.00000000000000E+00 -.10659446533442E+00
 432 0.38452277865853E+02 0.00000000000000E+00 -.10402504668138E+00
 433 0.39402049129139E+02 0.00000000000000E+00 -.10151756287829E+00
 434 0.40375279742629E+02 0.00000000000000E+00 -.99070521009351E-01
 435 0.41372549152272E+02 0.00000000000000E+00 -.96682464144966E-01
 436 0.42394451116333E+02 0.00000000000000E+00 -.94351970474249E-01
 437 0.43441594058907E+02 0.00000000000000E+00 -.92077652458520E-01
 438 0.44514601432162E+02 0.00000000000000E+00 -.89858156005189E-01
 439 0.45614112087536E+02 0.00000000000000E+00 -.87692159661546E-01
 440 0.46740780656098E+02 0.00000000000000E+00 -.85578373827993E-01
 441 0.47895277938304E+02 0.00000000000000E+00 -.83515539990233E-01
 442 0.49078291303380E+02 0.00000000000000E+00 -.81502429969974E-01
 443 0.50290525098573E+02 0.00000000000000E+00 -.79537845193688E-01
 444 0.51532701068508E+02 0.00000000000000E+00 -.77620615979006E-01
 445 0.52805558784900E+02 0.00000000000000E+00 -.75749600838300E-01
 446 0.54109856086887E+02 0.00000000000000E+00 -.73923685799062E-01
 447 0.55446369532233E+02 0.00000000000000E+00 -.72141783740668E-01
 448 0.56815894859680E+02 0.00000000000000E+00 -.70402833747115E-01
 449 0.58219247462714E+02 0.00000000000000E+00 -.68705800475373E-01
 450 0.59657262875043E+02 0.00000000000000E+00 -.67049673538961E-01
 451 0.61130797268056E+02 0.00000000000000E+00 -.65433466906373E-01
 452 0.62640727960577E+02 0.00000000000000E+00 -.63856218314017E-01
 453 0.64187953941203E+02 0.00000000000000E+00 -.62316988693295E-01
 454 0.65773396403551E+02 0.00000000000000E+00 -.60814861611488E-01
 455 0.67397999294719E+02 0.00000000000000E+00 -.59348942726155E-01
 456 0.69062729877298E+02 0.00000000000000E+00 -.57918359252616E-01
 457 0.70768579305268E+02 0.00000000000000E+00 -.56522259444340E-01
 458 0.72516563214108E+02 0.00000000000000E+00 -.55159812085825E-01
 459 0.74307722325496E+02 0.00000000000000E+00 -.53830205997682E-01
 460 0.76143123066936E+02 0.00000000000000E+00 -.52532649553705E-01
 461 0.78023858206689E+02 0.00000000000000E+00 -.51266370209530E-01 461
0.10247000000000E+01
   1 0.10416666666667E-02 0.28341507279453E-05 -.10092838496805E+02
   2 0.10673958333333E-02 0.29758868609234E-05 -.10092859623401E+02
   3 0.10937605104167E-02 0.31247112306680E-05 -.10092880232163E+02
   4 0.11207763950240E-02 0.32809783205377E-05 -.10092900335143E+02
   5 0.11484595719810E-02 0.34450603514609E-05 -.10092919944083E+02
   6 0.11768265234090E-02 0.36173480954175E-05 -.10092939070418E+02
   7 0.12058941385372E-02 0.37982519248902E-05 -.10092957725284E+02
   8 0.12356797237591E-02 0.39882027262898E-05 -.10092975919523E+02
   9 0.12662010129359E-02 0.41876529356790E-05 -.10092993663690E+02
  10 0.12974761779554E-02 0.43970776150863E-05 -.10093010968060E+02
  11 0.13295238395509E-02 0.46169755839777E-05 -.10093027842628E+02
  12 0.13623630783878E-02 0.48478706073220E-05 -.10093044297121E+02
  13 0.13960134464240E-02 0.50903126430669E-05 -.10093060340997E+02
  14 0.14304949785507E-02 0.53448791519953E-05 -.10093075983457E+02
  15 0.14658282045209E-02 0.56121764730825E-05 -.10093091233440E+02
  16 0.15020341611725E-02 0.58928412676278E-05 -.10093106099636E+02
  17 0.15391344049535E-02 0.61875420356014E-05 -.10093120590487E+02
  18 0.15771510247559E-02 0.64969807078151E-05 -.10093134714189E+02
  19 0.16161066550673E-02 0.68218943177094E-05 -.10093148478700E+02
  20 0.16560244894475E-02 0.71630567567374E-05 -.10093161891741E+02
  21 0.16969282943368E-02 0.75212806175251E-05 -.10093174960799E+02
  22 0.17388424232070E-02 0.78974191291966E-05 -.10093187693132E+02
  23 0.17817918310602E-02 0.82923681894726E-05 -.10093200095771E+02
  24 0.18258020892874E-02 0.87070684983802E-05 -.10093212175525E+02
  25 0.18708994008928E-02 0.91425077986545E-05 -.10093223938979E+02
  26 0.19171106160948E-02 0.95997232281651E-05 -.10093235392501E+02
  27 0.19644632483123E-02 0.10079803789970E-04 -.10093246542243E+02
  28 0.20129854905457E-02 0.10583892945875E-04 -.10093257394142E+02
  29 0.20627062321621E-02 0.11113191339677E-04 -.10093267953924E+02
  30 0.21136550760965E-02 0.11668959656566E-04 -.10093278227101E+02
  31 0.21658623564761E-02 0.12252521625508E-04 -.10093288218979E+02
  32 0.22193591566811E-02 0.12865267171736E-04 -.10093297934654E+02
  33 0.22741773278511E-02 0.13508655726871E-04 -.10093307379016E+02
  34 0.23303495078490E-02 0.14184219704541E-04 -.10093316556749E+02
  35 0.23879091406929E-02 0.14893568149779E-04 -.10093325472330E+02
  36 0.24468904964680E-02 0.15638390570880E-04 -.10093334130030E+02
  37 0.25073286917308E-02 0.16420460962837E-04 -.10093342533917E+02
  38 0.25692597104165E-02 0.17241642031941E-04 -.10093350687853E+02
  39 0.26327204252638E-02 0.18103889631585E-04 -.10093358595491E+02
  40 0.26977486197678E-02 0.19009257419846E-04 -.10093366260281E+02
  41 0.27643830106761E-02 0.19959901749910E-04 -.10093373685463E+02
  42 0.28326632710398E-02 0.20958086804989E-04 -.10093380874070E+02
  43 0.29026300538345E-02 0.22006189989951E-04 -.10093387828924E+02
  44 0.29743250161642E-02 0.23106707592478E-04 -.10093394552633E+02
  45 0.30477908440635E-02 0.24262260727243E-04 -.10093401047594E+02
  46 0.31230712779118E-02 0.25475601577219E-04 -.10093407315986E+02
  47 0.32002111384762E-02 0.26749619947000E-04 -.10093413359766E+02
  48 0.32792563535966E-02 0.28087350143699E-04 -.10093419180674E+02
  49 0.33602539855304E-02 0.29491978201800E-04 -.10093424780218E+02
  50 0.34432522589730E-02 0.30966849469154E-04 -.10093430159682E+02
  51 0.35283005897697E-02 0.32515476572145E-04 -.10093435320113E+02
  52 0.36154496143370E-02 0.34141547778992E-04 -.10093440262320E+02
  53 0.37047512198111E-02 0.35848935781053E-04 -.10093444986869E+02
  54 0.37962585749404E-02 0.37641706913021E-04 -.10093449494079E+02
  55 0.38900261617415E-02 0.39524130833942E-04 -.10093453784012E+02
  56 0.39861098079365E-02 0.41500690692055E-04 -.10093457856471E+02
  57 0.40845667201925E-02 0.43576093797623E-04 -.10093461710993E+02
  58 0.41854555181813E-02 0.45755282829138E-04 -.10093465346838E+02
  59 0.42888362694803E-02 0.48043447599510E-04 -.10093468762985E+02
  60 0.43947705253365E-02 0.50446037410215E-04 -.10093471958125E+02
  61 0.45033213573123E-02 0.52968774022766E-04 -.10093474930645E+02
  62 0.46145533948379E-02 0.55617665278300E-04 -.10093477678629E+02
  63 0.47285328636904E-02 0.58399019397667E-04 -.10093480199839E+02
  64 0.48453276254236E-02 0.61319459995956E-04 -.10093482491708E+02
  65 0.49650072177716E-02 0.64385941847146E-04 -.10093484551331E+02
  66 0.50876428960505E-02 0.67605767436294E-04 -.10093486375450E+02
  67 0.52133076755830E-02 0.70986604338568E-04 -.10093487960440E+02
  68 0.53420763751699E-02 0.74536503466381E-04 -.10093489302302E+02
  69 0.54740256616366E-02 0.78263918227932E-04 -.10093490396639E+02
  70 0.56092340954790E-02 0.82177724642615E-04 -.10093491238652E+02
  71 0.57477821776373E-02 0.86287242461028E-04 -.10093491823115E+02
  72 0.58897523974249E-02 0.90602257339670E-04 -.10093492144361E+02
  73 0.60352292816413E-02 0.95133044122930E-04 -.10093492196269E+02
  74 0.61842994448979E-02 0.99890391287555E-04 -.10093491972237E+02
  75 0.63370516411869E-02 0.10488562660756E-03 -.10093491465169E+02
  76 0.64935768167242E-02 0.11013064410039E-03 -.10093490667449E+02
  77 0.66539681640973E-02 0.11563793231819E-03 -.10093489570923E+02
  78 0.68183211777505E-02 0.12142060405122E-03 -.10093488166873E+02
  79 0.69867337108409E-02 0.12749242751367E-03 -.10093486445994E+02
  80 0.71593060334987E-02 0.13386785908582E-03 -.10093484398368E+02
  81 0.73361408925261E-02 0.14056207769001E-03 -.10093482013435E+02
  82 0.75173435725715E-02 0.14759102088159E-03 -.10093479279966E+02
  83 0.77030219588140E-02 0.15497142274050E-03 -.10093476186033E+02
  84 0.78932866011967E-02 0.16272085365284E-03 -.10093472718973E+02
  85 0.80882507802463E-02 0.17085776207645E-03 -.10093468865363E+02
  86 0.82880305745183E-02 0.17940151838936E-03 -.10093464610975E+02
  87 0.84927449297089E-02 0.18837246092449E-03 -.10093459940745E+02
  88 0.87025157294728E-02 0.19779194429924E-03 -.10093454838731E+02
  89 0.89174678679907E-02 0.20768239015418E-03 -.10093449288074E+02
  90 0.91377293243301E-02 0.21806734042031E-03 -.10093443270950E+02
  91 0.93634312386411E-02 0.22897151324054E-03 -.10093436768531E+02
  92 0.95947079902355E-02 0.24042086167714E-03 -.10093429760932E+02
  93 0.98316972775943E-02 0.25244263534330E-03 -.10093422227161E+02
  94 0.10074540200351E-01 0.26506544510395E-03 -.10093414145068E+02
  95 0.10323381343300E-01 0.27831933099795E-03 -.10093405491285E+02
  96 0.10578368862479E-01 0.29223583354118E-03 -.10093396241172E+02
  97 0.10839654573382E-01 0.30684806857820E-03 -.10093386368750E+02
  98 0.11107394041345E-01 0.32219080585795E-03 -.10093375846642E+02
  99 0.11381746674166E-01 0.33830055151794E-03 -.10093364645995E+02
 100 0.11662875817018E-01 0.35521563467006E-03 -.10093352736418E+02
 101 0.11950948849698E-01 0.37297629829084E-03 -.10093340085900E+02
 102 0.12246137286286E-01 0.39162479462882E-03 -.10093326660729E+02
 103 0.12548616877257E-01 0.41120548535189E-03 -.10093312425413E+02
 104 0.12858567714125E-01 0.43176494666858E-03 -.10093297342588E+02
 105 0.13176174336664E-01 0.45335207966845E-03 -.10093281372925E+02
 106 0.13501625842780E-01 0.47601822613865E-03 -.10093264475034E+02
 107 0.13835116001096E-01 0.49981729012636E-03 -.10093246605356E+02
 108 0.14176843366324E-01 0.52480586552952E-03 -.10093227718063E+02
 109 0.14527011397472E-01 0.55104337001238E-03 -.10093207764935E+02
 110 0.14885828578989E-01 0.57859218555606E-03 -.10093186695246E+02
 111 0.15253508544890E-01 0.60751780597001E-03 -.10093164455633E+02
 112 0.15630270205949E-01 0.63788899170514E-03 -.10093140989969E+02
 113 0.16016337880036E-01 0.66977793232628E-03 -.10093116239214E+02
 114 0.16411941425673E-01 0.70326041701841E-03 -.10093090141278E+02
 115 0.16817316378887E-01 0.73841601351915E-03 -.10093062630857E+02
 116 0.17232704093446E-01 0.77532825588851E-03 -.10093033639273E+02
 117 0.17658351884554E-01 0.81408484154649E-03 -.10093003094303E+02
 118 0.18094513176102E-01 0.85477783802948E-03 -.10092970919998E+02
 119 0.18541447651552E-01 0.89750389993771E-03 -.10092937036486E+02
 120 0.18999421408545E-01 0.94236449656801E-03 -.10092901359779E+02
 121 0.19468707117336E-01 0.98946615074967E-03 -.10092863801557E+02
 122 0.19949584183135E-01 0.10389206894249E-02 -.10092824268945E+02
 123 0.20442338912458E-01 0.10908455065411E-02 -.10092782664277E+02
 124 0.20947264683596E-01 0.11453638388478E-02 -.10092738884850E+02
 125 0.21464662121280E-01 0.12026050552190E-02 -.10092692822660E+02
 126 0.21994839275676E-01 0.12627049601504E-02 -.10092644364129E+02
 127 0.22538111805785E-01 0.13258061121090E-02 -.10092593389813E+02
 128 0.23094803167388E-01 0.13920581574465E-02 -.10092539774094E+02
 129 0.23665244805623E-01 0.14616181806161E-02 -.10092483384859E+02
 130 0.24249776352322E-01 0.15346510714696E-02 -.10092424083157E+02
 131 0.24848745828224E-01 0.16113299104431E-02 -.10092361722839E+02
 132 0.25462509850181E-01 0.16918363724777E-02 -.10092296150176E+02
 133 0.26091433843480E-01 0.17763611505576E-02 -.10092227203463E+02
 134 0.26735892259414E-01 0.18651043997873E-02 -.10092154712587E+02
 135 0.27396268798222E-01 0.19582762029695E-02 -.10092078498585E+02
 136 0.28072956637538E-01 0.20560970586866E-02 -.10091998373166E+02
 137 0.28766358666485E-01 0.21587983929311E-02 -.10091914138213E+02
 138 0.29476887725547E-01 0.22666230953750E-02 -.10091825585254E+02
 139 0.30204966852368E-01 0.23798260814140E-02 -.10091732494899E+02
 140 0.30951029533622E-01 0.24986748811675E-02 -.10091634636249E+02
 141 0.31715519963102E-01 0.26234502566662E-02 -.10091531766271E+02
 142 0.32498893306191E-01 0.27544468485070E-02 -.10091423629131E+02
 143 0.33301615970854E-01 0.28919738533051E-02 -.10091309955490E+02
 144 0.34124165885334E-01 0.30363557333278E-02 -.10091190461762E+02
 145 0.34967032782702E-01 0.31879329597448E-02 -.10091064849323E+02
 146 0.35830718492435E-01 0.33470627909849E-02 -.10090932803670E+02
 147 0.36715737239198E-01 0.35141200877458E-02 -.10090793993535E+02
 148 0.37622615949006E-01 0.36894981662565E-02 -.10090648069942E+02
 149 0.38551894562946E-01 0.38736096914506E-02 -.10090494665204E+02
 150 0.39504126358651E-01 0.40668876117656E-02 -.10090333391857E+02
 151 0.40479878279710E-01 0.42697861373377E-02 -.10090163841533E+02
 152 0.41479731273219E-01 0.44827817634241E-02 -.10089985583752E+02
 153 0.42504280635667E-01 0.47063743409345E-02 -.10089798164647E+02
 154 0.43554136367368E-01 0.49410881960173E-02 -.10089601105595E+02
 155 0.44629923535642E-01 0.51874733006938E-02 -.10089393901774E+02
 156 0.45732282646972E-01 0.54461064965931E-02 -.10089176020608E+02
 157 0.46861870028353E-01 0.57175927738883E-02 -.10088946900122E+02
 158 0.48019358218053E-01 0.60025666075854E-02 -.10088705947180E+02
 159 0.49205436366039E-01 0.63016933533617E-02 -.10088452535607E+02
 160 0.50420810644280E-01 0.66156707051927E-02 -.10088186004181E+02
 161 0.51666204667194E-01 0.69452302170437E-02 -.10087905654486E+02
 162 0.52942359922473E-01 0.72911388909330E-02 -.10087610748617E+02
 163 0.54250036212558E-01 0.76542008337012E-02 -.10087300506723E+02
 164 0.55590012107009E-01 0.80352589848352E-02 -.10086974104370E+02
 165 0.56963085406052E-01 0.84351969177063E-02 -.10086630669726E+02
 166 0.58370073615581E-01 0.88549407165780E-02 -.10086269280528E+02
 167 0.59811814433886E-01 0.92954609317248E-02 -.10085888960835E+02
 168 0.61289166250403E-01 0.97577746149776E-02 -.10085488677536E+02
 169 0.62803008656788E-01 0.10242947437962E-01 -.10085067336600E+02
 170 0.64354242970611E-01 0.10752095895242E-01 -.10084623779036E+02
 171 0.65943792771985E-01 0.11286389594486E-01 -.10084156776549E+02
 172 0.67572604453453E-01 0.11847053635693E-01 -.10083665026856E+02
 173 0.69241647783453E-01 0.12435371081337E-01 -.10083147148636E+02
 174 0.70951916483704E-01 0.13052685519195E-01 -.10082601676084E+02
 175 0.72704428820852E-01 0.13700403719360E-01 -.10082027053031E+02
 176 0.74500228212727E-01 0.14379998386759E-01 -.10081421626578E+02
 177 0.76340383849581E-01 0.15093011010208E-01 -.10080783640234E+02
 178 0.78225991330666E-01 0.15841054808701E-01 -.10080111226465E+02
 179 0.80158173316533E-01 0.16625817775299E-01 -.10079402398648E+02
 180 0.82138080197452E-01 0.17449065818511E-01 -.10078655042332E+02
 181 0.84166890778329E-01 0.18312646000601E-01 -.10077866905778E+02
 182 0.86245812980554E-01 0.19218489871692E-01 -.10077035589678E+02
 183 0.88376084561173E-01 0.20168616897858E-01 -.10076158536003E+02
 184 0.90558973849834E-01 0.21165137980730E-01 -.10075233015882E+02
 185 0.92795780503925E-01 0.22210259065259E-01 -.10074256116420E+02
 186 0.95087836282372E-01 0.23306284831376E-01 -.10073224726365E+02
 187 0.97436505838547E-01 0.24455622464250E-01 -.10072135520508E+02
 188 0.99843187532759E-01 0.25660785496628E-01 -.10070984942688E+02
 189 0.10230931426482E+00 0.26924397715473E-01 -.10069769187283E+02
 190 0.10483635432716E+00 0.28249197123599E-01 -.10068484179040E+02
 191 0.10742581227904E+00 0.29638039945363E-01 -.10067125551073E+02
 192 0.11007922984233E+00 0.31093904663667E-01 -.10065688620873E+02
 193 0.11279818681944E+00 0.32619896073436E-01 -.10064168364129E+02
 194 0.11558430203388E+00 0.34219249334515E-01 -.10062559386157E+02
 195 0.11843923429411E+00 0.35895334004408E-01 -.10060855890717E+02
 196 0.12136468338118E+00 0.37651658028485E-01 -.10059051645963E+02
 197 0.12436239106069E+00 0.39491871662272E-01 -.10057139947269E+02
 198 0.12743414211989E+00 0.41419771297014E-01 -.10055113576633E+02
 199 0.13058176543025E+00 0.43439303156029E-01 -.10052964758356E+02
 200 0.13380713503638E+00 0.45554566825272E-01 -.10050685110643E+02
 201 0.13711217127178E+00 0.47769818577084E-01 -.10048265592767E+02
 202 0.14049884190219E+00 0.50089474441195E-01 -.10045696447402E+02
 203 0.14396916329718E+00 0.52518112971734E-01 -.10042967137689E+02
 204 0.14752520163062E+00 0.55060477653174E-01 -.10040066278589E+02
 205 0.15116907411089E+00 0.57721478881840E-01 -.10036981562022E+02
 206 0.15490295024143E+00 0.60506195452719E-01 -.10033699675277E+02
 207 0.15872905311240E+00 0.63419875473942E-01 -.10030206212130E+02
 208 0.16264966072427E+00 0.66467936623251E-01 -.10026485576087E+02
 209 0.16666710734416E+00 0.69655965652192E-01 -.10022520875117E+02
 210 0.17078378489556E+00 0.72989717034496E-01 -.10018293807223E+02
 211 0.17500214438248E+00 0.76475110645244E-01 -.10013784536170E+02
 212 0.17932469734873E+00 0.80118228346881E-01 -.10008971556638E+02
 213 0.18375401737324E+00 0.83925309346962E-01 -.10003831548079E+02
 214 0.18829274160236E+00 0.87902744180726E-01 -.99983392164964E+01
 215 0.19294357231994E+00 0.92057067159214E-01 -.99924671233906E+01
 216 0.19770927855624E+00 0.96394947110709E-01 -.99861855010787E+01
 217 0.20259269773658E+00 0.10092317622988E+00 -.99794620536194E+01
 218 0.20759673737068E+00 0.10564865683526E+00 -.99722617425818E+01
 219 0.21272437678373E+00 0.11057838582165E+00 -.99645465569332E+01
 220 0.21797866889029E+00 0.11571943657999E+00 -.99562752663699E+01
 221 0.22336274201188E+00 0.12107893814332E+00 -.99474031574875E+01
 222 0.22887980173958E+00 0.12666405130383E+00 -.99378817522856E+01
 223 0.23453313284254E+00 0.13248194143333E+00 -.99276585086329E+01
 224 0.24032610122375E+00 0.13853974772773E+00 -.99166765024814E+01
 225 0.24626215592398E+00 0.14484454858604E+00 -.99048740918288E+01
 226 0.25234483117530E+00 0.15140332282660E+00 -.98921845626844E+01
 227 0.25857774850533E+00 0.15822290643809E+00 -.98785357576055E+01
 228 0.26496461889341E+00 0.16530994456153E+00 -.98638496877539E+01
 229 0.27150924498008E+00 0.17267083840258E+00 -.98480421298699E+01
 230 0.27821552333109E+00 0.18031168678207E+00 -.98310222101004E+01
 231 0.28508744675737E+00 0.18823822204839E+00 -.98126919772509E+01
 232 0.29212910669227E+00 0.19645574009865E+00 -.97929459687641E+01
 233 0.29934469562757E+00 0.20496902428919E+00 -.97716707735909E+01
 234 0.30673850960957E+00 0.21378226306039E+00 -.97487445971010E+01
 235 0.31431495079693E+00 0.22289896115871E+00 -.97240368343150E+01
 236 0.32207853008161E+00 0.23232184441192E+00 -.96974076590267E+01
 237 0.33003386977463E+00 0.24205275810402E+00 -.96687076378356E+01
 238 0.33818570635806E+00 0.25209255910615E+00 -.96377773797459E+01
 239 0.34653889330511E+00 0.26244100205205E+00 -.96044472338039E+01
 240 0.35509840396974E+00 0.27309662000243E+00 -.95685370492530E+01
 241 0.36386933454780E+00 0.28405660022523E+00 -.95298560148884E+01
 242 0.37285690711113E+00 0.29531665592942E+00 -.94882025966743E+01
 243 0.38206647271677E+00 0.30687089503058E+00 -.94433645952438E+01
 244 0.39150351459288E+00 0.31871168729767E+00 -.93951193476058E+01
 245 0.40117365140332E+00 0.33082953153302E+00 -.93432341001970E+01
 246 0.41108264059298E+00 0.34321292476994E+00 -.92874665832941E+01
 247 0.42123638181563E+00 0.35584823583269E+00 -.92275658196657E+01
 248 0.43164092044648E+00 0.36871958598796E+00 -.91632732031082E+01
 249 0.44230245118150E+00 0.38180873981911E+00 -.90943238850517E+01
 250 0.45322732172569E+00 0.39509500986565E+00 -.90204485096019E+01
 251 0.46442203657231E+00 0.40855517897955E+00 -.89413753390086E+01
 252 0.47589326087565E+00 0.42216344474158E+00 -.88568328124218E+01
 253 0.48764782441928E+00 0.43589139063676E+00 -.87665525806374E+01
 254 0.49969272568243E+00 0.44970798898513E+00 -.86702730580680E+01
 255 0.51203513600679E+00 0.46357964083633E+00 -.85677435300527E+01
 256 0.52468240386616E+00 0.47747025813241E+00 -.84587288484774E+01
 257 0.53764205924165E+00 0.49134139338894E+00 -.83430147411120E+01
 258 0.55092181810492E+00 0.50515242190232E+00 -.82204137496523E+01
 259 0.56452958701211E+00 0.51886078102138E+00 -.80907717977709E+01
 260 0.57847346781131E+00 0.53242227028533E+00 -.79539753730991E+01
 261 0.59276176246625E+00 0.54579141518812E+00 -.78099592856340E+01
 262 0.60740297799916E+00 0.55892189595037E+00 -.76587149392805E+01
 263 0.62240583155574E+00 0.57176704093594E+00 -.75002990229226E+01
 264 0.63777925559517E+00 0.58428038222883E+00 -.73348424925496E+01
 265 0.65353240320837E+00 0.59641626838698E+00 -.71625596767012E+01
 266 0.66967465356762E+00 0.60813052653326E+00 -.69837572942483E+01
 267 0.68621561751074E+00 0.61938116277463E+00 -.67988431269452E+01
 268 0.70316514326325E+00 0.63012908652671E+00 -.66083340401708E+01
 269 0.72053332230186E+00 0.64033884076200E+00 -.64128629949511E+01
 270 0.73833049536271E+00 0.64997931662298E+00 -.62131846439558E+01
 271 0.75656725859817E+00 0.65902442740258E+00 -.60101790549172E+01
 272 0.77525446988555E+00 0.66745371377661E+00 -.58048530578336E+01
 273 0.79440325529172E+00 0.67525284958047E+00 -.55983386678707E+01
 274 0.81402501569742E+00 0.68241401557919E+00 -.53918879937869E+01
 275 0.83413143358515E+00 0.68893610782225E+00 -.51868640006421E+01
 276 0.85473447999470E+00 0.69482474755403E+00 -.49847264530855E+01
 277 0.87584642165057E+00 0.70009206153379E+00 -.47870123184888E+01
 278 0.89747982826534E+00 0.70475620530141E+00 -.45953098547350E+01
 279 0.91964758002349E+00 0.70884060774937E+00 -.44112255453092E+01
 280 0.94236287525008E+00 0.71237292374977E+00 -.42363429807378E+01
 281 0.96563923826875E+00 0.71538369307119E+00 -.40721727396914E+01
 282 0.98949052745399E+00 0.71790471908729E+00 -.39200923370213E+01
 283 0.10139309434821E+01 0.71996720066671E+00 -.37812754571477E+01
 284 0.10389750377861E+01 0.72159967609473E+00 -.36566101093056E+01
 285 0.10646377212194E+01 0.72282586982045E+00 -.35466062274593E+01
 286 0.10909342729335E+01 0.72366257177006E+00 -.34512948842164E+01
 287 0.11178803494750E+01 0.72411772440544E+00 -.33701240925633E+01
 288 0.11454919941070E+01 0.72418894202532E+00 -.33018606395961E+01
 289 0.11737856463615E+01 0.72386273365270E+00 -.32445141375804E+01
 290 0.12027781518266E+01 0.72311473282375E+00 -.31953091573957E+01
 291 0.12324867721767E+01 0.72191123320766E+00 -.31507446100239E+01
 292 0.12629291954495E+01 0.72021225401653E+00 -.31067971297367E+01
 293 0.12941235465771E+01 0.71797616252256E+00 -.30593477997151E+01
 294 0.13260883981776E+01 0.71516549025707E+00 -.30049401831194E+01
 295 0.13588427816125E+01 0.71175289552785E+00 -.29420142864762E+01
 296 0.13924061983184E+01 0.70772511397276E+00 -.28728097755974E+01
 297 0.14267986314168E+01 0.70308166062764E+00 -.28035417714682E+01
 298 0.14620405576128E+01 0.69782785171749E+00 -.27359483706604E+01
 299 0.14981529593859E+01 0.69196977609998E+00 -.26699880664452E+01
 300 0.15351573374827E+01 0.68551539000046E+00 -.26056205992324E+01
 301 0.15730757237185E+01 0.67847439129689E+00 -.25428068774703E+01
 302 0.16119306940944E+01 0.67085803683645E+00 -.24815089092355E+01
 303 0.16517453822385E+01 0.66267913980180E+00 -.24216897428874E+01
 304 0.16925434931798E+01 0.65395202485777E+00 -.23633134153705E+01
 305 0.17343493174613E+01 0.64469248309619E+00 -.23063449069466E+01
 306 0.17771877456026E+01 0.63491772295794E+00 -.22507501013057E+01
 307 0.18210842829190E+01 0.62464631736109E+00 -.21964957501642E+01
 308 0.18660650647071E+01 0.61389814743753E+00 -.21435494415941E+01
 309 0.19121568718054E+01 0.60269434318521E+00 -.20918795714464E+01
 310 0.19593871465390E+01 0.59105722129017E+00 -.20414553173390E+01
 311 0.20077840090585E+01 0.57901022031019E+00 -.19922466147677E+01
 312 0.20573762740822E+01 0.56657783334772E+00 -.19442241349782E+01
 313 0.21081934680520E+01 0.55378553827615E+00 -.18973592643018E+01
 314 0.21602658467129E+01 0.54065972552320E+00 -.18516240847150E+01
 315 0.22136244131267E+01 0.52722762324042E+00 -.18069913554265E+01
 316 0.22683009361310E+01 0.51351722034700E+00 -.17634344953373E+01
 317 0.23243279692534E+01 0.49955718616846E+00 -.17209275662485E+01
 318 0.23817388700940E+01 0.48537678763017E+00 -.16794452567175E+01
 319 0.24405678201853E+01 0.47100580328800E+00 -.16389628664862E+01
 320 0.25008498453439E+01 0.45647443413805E+00 -.15994562914177E+01
 321 0.25626208365239E+01 0.44181321106006E+00 -.15609020088941E+01
 322 0.26259175711860E+01 0.42705289878517E+00 -.15232770636372E+01
 323 0.26907777351943E+01 0.41222439633097E+00 -.14865590539209E+01
 324 0.27572399452536E+01 0.39735863391399E+00 -.14507261181515E+01
 325 0.28253437719014E+01 0.38248646643122E+00 -.14157569217971E+01
 326 0.28951297630673E+01 0.36763856369602E+00 -.13816306446483E+01
 327 0.29666394682151E+01 0.35284529771740E+00 -.13483269683983E+01
 328 0.30399154630800E+01 0.33813662742302E+00 -.13158260645299E+01
 329 0.31150013750181E+01 0.32354198134180E+00 -.12841085825003E+01
 330 0.31919419089810E+01 0.30909013887971E+00 -.12531556382132E+01
 331 0.32707828741328E+01 0.29480911093657E+00 -.12229488027720E+01
 332 0.33515712111239E+01 0.28072602072200E+00 -.11934700915050E+01
 333 0.34343550200387E+01 0.26686698572862E+00 -.11647019532560E+01
 334 0.35191835890336E+01 0.25325700190899E+00 -.11366272599337E+01
 335 0.36061074236828E+01 0.23991983117550E+00 -.11092292963138E+01
 336 0.36951782770477E+01 0.22687789339691E+00 -.10824917500862E+01
 337 0.37864491804908E+01 0.21415216409884E+00 -.10563987021430E+01
 338 0.38799744752489E+01 0.20176207908710E+00 -.10309346171005E+01
 339 0.39758098447876E+01 0.18972544719953E+00 -.10060843340494E+01
 340 0.40740123479538E+01 0.17805837235460E+00 -.98183305752845E+00
 341 0.41746404529483E+01 0.16677518600241E+00 -.95816634871518E+00
 342 0.42777540721361E+01 0.15588839099599E+00 -.93507011682949E+00
 343 0.43834145977179E+01 0.14540861779014E+00 -.91253061074411E+00
 344 0.44916849382815E+01 0.13534459374142E+00 -.89053441079741E+00
 345 0.46026295562571E+01 0.12570312613020E+00 -.86906842080356E+00
 346 0.47163145062966E+01 0.11648909935491E+00 -.84811986025526E+00
 347 0.48328074746021E+01 0.10770548656416E+00 -.82767625671441E+00
 348 0.49521778192248E+01 0.99353375797354E-01 -.80772543838627E+00
 349 0.50744966113597E+01 0.91432010501695E-01 -.78825552687252E+00
 350 0.51998366776603E+01 0.83938844089146E-01 -.76925493009907E+00
 351 0.53282726435985E+01 0.76869607992405E-01 -.75071233541434E+00
 352 0.54598809778953E+01 0.70218392480775E-01 -.73261670285385E+00
 353 0.55947400380494E+01 0.63977739307345E-01 -.71495725856724E+00
 354 0.57329301169892E+01 0.58138745082828E-01 -.69772348840367E+00
 355 0.58745334908788E+01 0.52691174111880E-01 -.68090513165187E+00
 356 0.60196344681035E+01 0.47623579288342E-01 -.66449217493107E+00
 357 0.61683194394657E+01 0.42923429529507E-01 -.64847484622921E+00
 358 0.63206769296205E+01 0.38577242139385E-01 -.63284360908481E+00
 359 0.64767976497821E+01 0.34570718430366E-01 -.61758915690915E+00
 360 0.66367745517317E+01 0.30888880905994E-01 -.60270240744526E+00
 361 0.68007028831595E+01 0.27516210320951E-01 -.58817449736045E+00
 362 0.69686802443735E+01 0.24436780997239E-01 -.57399677696931E+00
 363 0.71408066464096E+01 0.21634392901269E-01 -.56016080508374E+00
 364 0.73171845705759E+01 0.19092699191935E-01 -.54665834398725E+00
 365 0.74979190294691E+01 0.16795328248145E-01 -.53348135453034E+00
 366 0.76831176294970E+01 0.14725999568914E-01 -.52062199134414E+00
 367 0.78728906349456E+01 0.12868633348606E-01 -.50807259816935E+00
 368 0.80673510336287E+01 0.11207453809298E-01 -.49582570329789E+00
 369 0.82666146041593E+01 0.97270862816467E-02 -.48387401512431E+00
 370 0.84707999848821E+01 0.84126473902522E-02 -.47221041780453E+00
 371 0.86800287445087E+01 0.72498266780006E-02 -.46082796701915E+00
 372 0.88944254544980E+01 0.62249571780620E-02 -.44971988583893E+00
 373 0.91141177632241E+01 0.53250724406337E-02 -.43887956068988E+00
 374 0.93392364719758E+01 0.45379484703704E-02 -.42830053741571E+00
 375 0.95699156128336E+01 0.38521304558552E-02 -.41797651743506E+00
 376 0.98062925284705E+01 0.32569454348081E-02 -.40790135399147E+00
 377 0.10048507953924E+02 0.27425027754796E-02 -.39806904849367E+00
 378 0.10296706100386E+02 0.22996845644299E-02 -.38847374694415E+00
 379 0.10551034741065E+02 0.19201278613001E-02 -.37910973645374E+00
 380 0.10811645299170E+02 0.15962005092672E-02 -.36997144184028E+00
 381 0.11078692938059E+02 0.13209719032859E-02 -.36105342230924E+00
 382 0.11352336653629E+02 0.10881798742872E-02 -.35235036821435E+00
 383 0.11632739368974E+02 0.89219465924995E-03 -.34385709789631E+00
 384 0.11920068031387E+02 0.72798078717189E-03 -.33556855459774E+00
 385 0.12214493711763E+02 0.59105760616319E-03 -.32747980345246E+00
 386 0.12516191706443E+02 0.47745909464867E-03 -.31958602854734E+00
 387 0.12825341641592E+02 0.38369353039458E-03 -.31188253005498E+00
 388 0.13142127580140E+02 0.30670352832103E-03 -.30436472143553E+00
 389 0.13466738131369E+02 0.24382689794912E-03 -.29702812670589E+00
 390 0.13799366563214E+02 0.19275871189785E-03 -.28986837777485E+00
 391 0.14140210917325E+02 0.15151491742584E-03 -.28288121184234E+00
 392 0.14489474126983E+02 0.11839776377509E-03 -.27606246886146E+00
 393 0.14847364137920E+02 0.91963259675234E-04 -.26940808906164E+00
 394 0.15214094032126E+02 0.70990818707346E-04 -.26291411053151E+00
 395 0.15589882154720E+02 0.54455196283886E-04 -.25657666686007E+00
 396 0.15974952243941E+02 0.41500771711798E-04 -.25039198483465E+00
 397 0.16369533564367E+02 0.31418182989418E-04 -.24435638219445E+00
 398 0.16773861043407E+02 0.23623281300685E-04 -.23846626543813E+00
 399 0.17188175411179E+02 0.17638337076927E-04 -.23271812768433E+00
 400 0.17612723343835E+02 0.13075400261509E-04 -.22710854658371E+00
 401 0.18047757610428E+02 0.96216941018632E-05 -.22163418228136E+00
 402 0.18493537223405E+02 0.70269042885134E-05 -.21629177542829E+00
 403 0.18950327592823E+02 0.50922132788639E-05 -.21107814524084E+00
 404 0.19418400684366E+02 0.36609227648082E-05 -.20599018760695E+00
 405 0.19898035181270E+02 0.26105049399449E-05 -.20102487323797E+00
 406 0.20389516650247E+02 0.18459248907629E-05 -.19617924586511E+00
 407 0.20893137711508E+02 0.12940814285654E-05 -.19145042047927E+00
 408 0.21409198212983E+02 0.89922133248264E-06 -.18683558161342E+00
 409 0.21938005408843E+02 0.61919163828195E-06 -.18233198166627E+00
 410 0.22479874142442E+02 0.42240566764051E-06 -.17793693926639E+00
 411 0.23035127033760E+02 0.28541038649124E-06 -.17364783767580E+00
 412 0.23604094671494E+02 0.19095491435340E-06 -.16946212323198E+00
 413 0.24187115809880E+02 0.12647216007250E-06 -.16537730382744E+00
 414 0.24784537570384E+02 0.82897293252892E-07 -.16139094742602E+00
 415 0.25396715648372E+02 0.53757813885682E-07 -.15750068061484E+00
 416 0.26024014524887E+02 0.34480169338920E-07 -.15370418719122E+00
 417 0.26666807683652E+02 0.21867070150050E-07 -.14999920678366E+00
 418 0.27325477833438E+02 0.13707816634359E-07 -.14638353350607E+00
 419 0.28000417135924E+02 0.84910573194529E-08 -.14285501464435E+00
 420 0.28692027439181E+02 0.51954952863752E-08 -.13941154937480E+00
 421 0.29400720516929E+02 0.31391836866700E-08 -.13605108751322E+00
 422 0.30126918313697E+02 0.18723385258812E-08 -.13277162829436E+00
 423 0.30871053196045E+02 0.11020040372097E-08 -.12957121918060E+00
 424 0.31633568209988E+02 0.63991299755817E-09 -.12644795469952E+00
 425 0.32414917344774E+02 0.00000000000000E+00 -.12339997530938E+00
 426 0.33215565803190E+02 0.00000000000000E+00 -.12042546629198E+00
 427 0.34035990278529E+02 0.00000000000000E+00 -.11752265667218E+00
 428 0.34876679238409E+02 0.00000000000000E+00 -.11468981816354E+00
 429 0.35738133215598E+02 0.00000000000000E+00 -.11192526413930E+00
 430 0.36620865106023E+02 0.00000000000000E+00 -.10922734862818E+00
 431 0.37525400474142E+02 0.00000000000000E+00 -.10659446533442E+00
 432 0.38452277865853E+02 0.00000000000000E+00 -.10402504668138E+00
 433 0.39402049129139E+02 0.00000000000000E+00 -.10151756287829E+00
 434 0.40375279742629E+02 0.00000000000000E+00 -.99070521009351E-01
 435 0.41372549152272E+02 0.00000000000000E+00 -.96682464144966E-01
 436 0.42394451116333E+02 0.00000000000000E+00 -.94351970474249E-01
 437 0.43441594058907E+02 0.00000000000000E+00 -.92077652458520E-01
 438 0.44514601432162E+02 0.00000000000000E+00 -.89858156005189E-01
 439 0.45614112087536E+02 0.00000000000000E+00 -.87692159661546E-01
 440 0.46740780656098E+02 0.00000000000000E+00 -.85578373827993E-01
 441 0.47895277938304E+02 0.00000000000000E+00 -.83515539990233E-01
 442 0.49078291303380E+02 0.00000000000000E+00 -.81502429969974E-01
 443 0.50290525098573E+02 0.00000000000000E+00 -.79537845193688E-01
 444 0.51532701068508E+02 0.00000000000000E+00 -.77620615979006E-01
 445 0.52805558784900E+02 0.00000000000000E+00 -.75749600838300E-01
 446 0.54109856086887E+02 0.00000000000000E+00 -.73923685799062E-01
 447 0.55446369532233E+02 0.00000000000000E+00 -.72141783740668E-01
 448 0.56815894859680E+02 0.00000000000000E+00 -.70402833747115E-01
 449 0.58219247462714E+02 0.00000000000000E+00 -.68705800475373E-01
 450 0.59657262875043E+02 0.00000000000000E+00 -.67049673538961E-01
 451 0.61130797268056E+02 0.00000000000000E+00 -.65433466906373E-01
 452 0.62640727960577E+02 0.00000000000000E+00 -.63856218314017E-01
 453 0.64187953941203E+02 0.00000000000000E+00 -.62316988693295E-01
 454 0.65773396403551E+02 0.00000000000000E+00 -.60814861611488E-01
 455 0.67397999294719E+02 0.00000000000000E+00 -.59348942726155E-01
 456 0.69062729877298E+02 0.00000000000000E+00 -.57918359252616E-01
 457 0.70768579305268E+02 0.00000000000000E+00 -.56522259444340E-01
 458 0.72516563214108E+02 0.00000000000000E+00 -.55159812085825E-01
 459 0.74307722325496E+02 0.00000000000000E+00 -.53830205997682E-01
 460 0.76143123066936E+02 0.00000000000000E+00 -.52532649553705E-01
 461 0.78023858206689E+02 0.00000000000000E+00 -.51266370209530E-01 461
0.10247000000000E+01
   1 0.10416666666667E-02 0.11165163006065E-11 -.77195205891913E+01
   2 0.10673958333333E-02 0.12013105098040E-11 -.77195417157893E+01
   3 0.10937605104167E-02 0.12925444439833E-11 -.77195623245533E+01
   4 0.11207763950240E-02 0.13907071702424E-11 -.77195824275363E+01
   5 0.11484595719810E-02 0.14963249713770E-11 -.77196020364790E+01
   6 0.11768265234090E-02 0.16099639451433E-11 -.77196211628168E+01
   7 0.12058941385372E-02 0.17322332627885E-11 -.77196398176856E+01
   8 0.12356797237591E-02 0.18637883577808E-11 -.77196580119280E+01
   9 0.12662010129359E-02 0.20053344407843E-11 -.77196757560993E+01
  10 0.12974761779554E-02 0.21576302797686E-11 -.77196930604729E+01
  11 0.13295238395509E-02 0.23214922674109E-11 -.77197099350458E+01
  12 0.13623630783878E-02 0.24977987973993E-11 -.77197263895437E+01
  13 0.13960134464240E-02 0.26874949730926E-11 -.77197424334262E+01
  14 0.14304949785507E-02 0.28915976737760E-11 -.77197580758917E+01
  15 0.14658282045209E-02 0.31112010056719E-11 -.77197733258818E+01
  16 0.15020341611725E-02 0.33474821669238E-11 -.77197881920857E+01
  17 0.15391344049535E-02 0.36017077579930E-11 -.77198026829448E+01
  18 0.15771510247559E-02 0.38752405712938E-11 -.77198168066564E+01
  19 0.16161066550673E-02 0.41695468964630E-11 -.77198305711777E+01
  20 0.16560244894475E-02 0.44862043804222E-11 -.77198439842296E+01
  21 0.16969282943368E-02 0.48269104843650E-11 -.77198570532998E+01
  22 0.17388424232070E-02 0.51934915830038E-11 -.77198697856464E+01
  23 0.17817918310602E-02 0.55879127548487E-11 -.77198821883010E+01
  24 0.18258020892874E-02 0.60122883159994E-11 -.77198942680710E+01
  25 0.18708994008928E-02 0.64688931539144E-11 -.77199060315433E+01
  26 0.19171106160948E-02 0.69601749219092E-11 -.77199174850858E+01
  27 0.19644632483123E-02 0.74887671597501E-11 -.77199286348501E+01
  28 0.20129854905457E-02 0.80575034106744E-11 -.77199394867739E+01
  29 0.20627062321621E-02 0.86694324105063E-11 -.77199500465820E+01
  30 0.21136550760965E-02 0.93278344302875E-11 -.77199603197889E+01
  31 0.21658623564761E-02 0.10036238860022E-10 -.77199703116996E+01
  32 0.22193591566811E-02 0.10798443127787E-10 -.77199800274112E+01
  33 0.22741773278511E-02 0.11618533055622E-10 -.77199894718135E+01
  34 0.23303495078490E-02 0.12500904761308E-10 -.77199986495903E+01
  35 0.23879091406929E-02 0.13450288223425E-10 -.77200075652194E+01
  36 0.24468904964680E-02 0.14471772636012E-10 -.77200162229735E+01
  37 0.25073286917308E-02 0.15570833688730E-10 -.77200246269199E+01
  38 0.25692597104165E-02 0.16753362918741E-10 -.77200327809201E+01
  39 0.26327204252638E-02 0.18025699291645E-10 -.77200406886300E+01
  40 0.26977486197678E-02 0.19394663180747E-10 -.77200483534990E+01
  41 0.27643830106761E-02 0.20867592926770E-10 -.77200557787686E+01
  42 0.28326632710398E-02 0.22452384173997E-10 -.77200629674718E+01
  43 0.29026300538345E-02 0.24157532193652E-10 -.77200699224312E+01
  44 0.29743250161642E-02 0.25992177421404E-10 -.77200766462576E+01
  45 0.30477908440635E-02 0.27966154453030E-10 -.77200831413475E+01
  46 0.31230712779118E-02 0.30090044760887E-10 -.77200894098807E+01
  47 0.32002111384762E-02 0.32375233413706E-10 -.77200954538181E+01
  48 0.32792563535966E-02 0.34833970103744E-10 -.77201012748980E+01
  49 0.33602539855304E-02 0.37479434808353E-10 -.77201068746332E+01
  50 0.34432522589730E-02 0.40325808437925E-10 -.77201122543069E+01
  51 0.35283005897697E-02 0.43388348848820E-10 -.77201174149689E+01
  52 0.36154496143370E-02 0.46683472628718E-10 -.77201223574309E+01
  53 0.37047512198111E-02 0.50228843092687E-10 -.77201270822614E+01
  54 0.37962585749404E-02 0.54043464961611E-10 -.77201315897809E+01
  55 0.38900261617415E-02 0.58147786230383E-10 -.77201358800557E+01
  56 0.39861098079365E-02 0.62563807771813E-10 -.77201399528921E+01
  57 0.40845667201925E-02 0.67315201263669E-10 -.77201438078292E+01
  58 0.41854555181813E-02 0.72427436070824E-10 -.77201474441324E+01
  59 0.42888362694803E-02 0.77927915762520E-10 -.77201508607852E+01
  60 0.43947705253365E-02 0.83846124996338E-10 -.77201540564814E+01
  61 0.45033213573123E-02 0.90213787556047E-10 -.77201570296161E+01
  62 0.46145533948379E-02 0.97065036390237E-10 -.77201597782766E+01
  63 0.47285328636904E-02 0.10443659656296E-09 -.77201623002325E+01
  64 0.48453276254236E-02 0.11236798209678E-09 -.77201645929247E+01
  65 0.49650072177716E-02 0.12090170776300E-09 -.77201666534551E+01
  66 0.50876428960505E-02 0.13008351695409E-09 -.77201684785738E+01
  67 0.52133076755830E-02 0.13996262685921E-09 -.77201700646672E+01
  68 0.53420763751699E-02 0.15059199225670E-09 -.77201714077442E+01
  69 0.54740256616366E-02 0.16202858933698E-09 -.77201725034224E+01
  70 0.56092340954790E-02 0.17433372107660E-09 -.77201733469129E+01
  71 0.57477821776373E-02 0.18757334579966E-09 -.77201739330047E+01
  72 0.58897523974249E-02 0.20181843068708E-09 -.77201742560479E+01
  73 0.60352292816413E-02 0.21714533212763E-09 -.77201743099362E+01
  74 0.61842994448979E-02 0.23363620494864E-09 -.77201740880879E+01
  75 0.63370516411869E-02 0.25137944271868E-09 -.77201735834268E+01
  76 0.64935768167242E-02 0.27047015148129E-09 -.77201727883610E+01
  77 0.66539681640973E-02 0.29101065945740E-09 -.77201716947612E+01
  78 0.68183211777505E-02 0.31311106544711E-09 -.77201702939377E+01
  79 0.69867337108409E-02 0.33688982886845E-09 -.77201685766162E+01
  80 0.71593060334987E-02 0.36247440459379E-09 -.77201665329118E+01
  81 0.73361408925261E-02 0.39000192598430E-09 -.77201641523024E+01
  82 0.75173435725715E-02 0.41961993978106E-09 -.77201614236004E+01
  83 0.77030219588140E-02 0.45148719678889E-09 -.77201583349222E+01
  84 0.78932866011967E-02 0.48577450258758E-09 -.77201548736575E+01
  85 0.80882507802463E-02 0.52266563282669E-09 -.77201510264357E+01
  86 0.82880305745183E-02 0.56235831800549E-09 -.77201467790910E+01
  87 0.84927449297089E-02 0.60506530301167E-09 -.77201421166262E+01
  88 0.87025157294728E-02 0.65101548709235E-09 -.77201370231737E+01
  89 0.89174678679907E-02 0.70045515036139E-09 -.77201314819549E+01
  90 0.91377293243301E-02 0.75364927340994E-09 -.77201254752380E+01
  91 0.93634312386411E-02 0.81088295708517E-09 -.77201189842927E+01
  92 0.95947079902355E-02 0.87246295003811E-09 -.77201119893432E+01
  93 0.98316972775943E-02 0.93871929221766E-09 -.77201044695185E+01
  94 0.10074540200351E-01 0.10100070831082E-08 -.77200964028008E+01
  95 0.10323381343300E-01 0.10867083841752E-08 -.77200877659699E+01
  96 0.10578368862479E-01 0.11692342657002E-08 -.77200785345464E+01
  97 0.10839654573382E-01 0.12580270089596E-08 -.77200686827306E+01
  98 0.11107394041345E-01 0.13535624755313E-08 -.77200581833394E+01
  99 0.11381746674166E-01 0.14563526564056E-08 -.77200470077393E+01
 100 0.11662875817018E-01 0.15669484145396E-08 -.77200351257762E+01
 101 0.11950948849698E-01 0.16859424355265E-08 -.77200225057018E+01
 102 0.12246137286286E-01 0.18139724021619E-08 -.77200091140960E+01
 103 0.12548616877257E-01 0.19517244098886E-08 -.77199949157858E+01
 104 0.12858567714125E-01 0.20999366413825E-08 -.77199798737594E+01
 105 0.13176174336664E-01 0.22594033199311E-08 -.77199639490769E+01
 106 0.13501625842780E-01 0.24309789627401E-08 -.77199471007760E+01
 107 0.13835116001096E-01 0.26155829569057E-08 -.77199292857725E+01
 108 0.14176843366324E-01 0.28142044825134E-08 -.77199104587569E+01
 109 0.14527011397472E-01 0.30279078091722E-08 -.77198905720850E+01
 110 0.14885828578989E-01 0.32578379942876E-08 -.77198695756629E+01
 111 0.15253508544890E-01 0.35052270135183E-08 -.77198474168272E+01
 112 0.15630270205949E-01 0.37714003561621E-08 -.77198240402182E+01
 113 0.16016337880036E-01 0.40577841206988E-08 -.77197993876469E+01
 114 0.16411941425673E-01 0.43659126483773E-08 -.77197733979564E+01
 115 0.16817316378887E-01 0.46974367356030E-08 -.77197460068744E+01
 116 0.17232704093446E-01 0.50541324689601E-08 -.77197171468608E+01
 117 0.17658351884554E-01 0.54379107300186E-08 -.77196867469452E+01
 118 0.18094513176102E-01 0.58508274206382E-08 -.77196547325585E+01
 119 0.18541447651552E-01 0.62950944633114E-08 -.77196210253545E+01
 120 0.18999421408545E-01 0.67730916352100E-08 -.77195855430233E+01
 121 0.19468707117336E-01 0.72873792990269E-08 -.77195481990957E+01
 122 0.19949584183135E-01 0.78407120984680E-08 -.77195089027370E+01
 123 0.20442338912458E-01 0.84360536913708E-08 -.77194675585317E+01
 124 0.20947264683596E-01 0.90765925989287E-08 -.77194240662564E+01
 125 0.21464662121280E-01 0.97657592554231E-08 -.77193783206419E+01
 126 0.21994839275676E-01 0.10507244349223E-07 -.77193302111237E+01
 127 0.22538111805785E-01 0.11305018552652E-07 -.77192796215800E+01
 128 0.23094803167388E-01 0.12163353745684E-07 -.77192264300564E+01
 129 0.23665244805623E-01 0.13086845846315E-07 -.77191705084770E+01
 130 0.24249776352322E-01 0.14080439368964E-07 -.77191117223420E+01
 131 0.24848745828224E-01 0.15149453841388E-07 -.77190499304091E+01
 132 0.25462509850181E-01 0.16299612220399E-07 -.77189849843597E+01
 133 0.26091433843480E-01 0.17537071457213E-07 -.77189167284492E+01
 134 0.26735892259414E-01 0.18868455374607E-07 -.77188449991388E+01
 135 0.27396268798222E-01 0.20300890030209E-07 -.77187696247096E+01
 136 0.28072956637538E-01 0.21842041753363E-07 -.77186904248584E+01
 137 0.28766358666485E-01 0.23500158057014E-07 -.77186072102720E+01
 138 0.29476887725547E-01 0.25284111641216E-07 -.77185197821815E+01
 139 0.30204966852368E-01 0.27203447721019E-07 -.77184279318946E+01
 140 0.30951029533622E-01 0.29268434928980E-07 -.77183314403040E+01
 141 0.31715519963102E-01 0.31490120061177E-07 -.77182300773725E+01
 142 0.32498893306191E-01 0.33880386955769E-07 -.77181236015913E+01
 143 0.33301615970854E-01 0.36452019814667E-07 -.77180117594131E+01
 144 0.34124165885334E-01 0.39218771302067E-07 -.77178942846557E+01
 145 0.34967032782702E-01 0.42195435778465E-07 -.77177708978769E+01
 146 0.35830718492435E-01 0.45397928055480E-07 -.77176413057182E+01
 147 0.36715737239198E-01 0.48843368085430E-07 -.77175052002158E+01
 148 0.37622615949006E-01 0.52550172030402E-07 -.77173622580773E+01
 149 0.38551894562946E-01 0.56538150188529E-07 -.77172121399229E+01
 150 0.39504126358651E-01 0.60828612290590E-07 -.77170544894881E+01
 151 0.40479878279710E-01 0.65444480718041E-07 -.77168889327872E+01
 152 0.41479731273219E-01 0.70410412234310E-07 -.77167150772349E+01
 153 0.42504280635667E-01 0.75752928864882E-07 -.77165325107231E+01
 154 0.43554136367368E-01 0.81500558608528E-07 -.77163408006525E+01
 155 0.44629923535642E-01 0.87683986712253E-07 -.77161394929144E+01
 156 0.45732282646972E-01 0.94336218296351E-07 -.77159281108215E+01
 157 0.46861870028353E-01 0.10149275317364E-06 -.77157061539842E+01
 158 0.48019358218053E-01 0.10919177376867E-06 -.77154730971297E+01
 159 0.49205436366039E-01 0.11747434710906E-06 -.77152283888602E+01
 160 0.50420810644280E-01 0.12638464193162E-06 -.77149714503481E+01
 161 0.51666204667194E-01 0.13597016202227E-06 -.77147016739620E+01
 162 0.52942359922473E-01 0.14628199698952E-06 -.77144184218228E+01
 163 0.54250036212558E-01 0.15737509175847E-06 -.77141210242823E+01
 164 0.55590012107009E-01 0.16930853616497E-06 -.77138087783226E+01
 165 0.56963085406052E-01 0.18214587612919E-06 -.77134809458691E+01
 166 0.58370073615581E-01 0.19595544799390E-06 -.77131367520129E+01
 167 0.59811814433886E-01 0.21081073772631E-06 -.77127753831365E+01
 168 0.61289166250403E-01 0.22679076680349E-06 -.77123959849362E+01
 169 0.62803008656788E-01 0.24398050673106E-06 -.77119976603344E+01
 170 0.64354242970611E-01 0.26247132428264E-06 -.77115794672742E+01
 171 0.65943792771985E-01 0.28236145969506E-06 -.77111404163881E+01
 172 0.67572604453453E-01 0.30375654021164E-06 -.77106794685313E+01
 173 0.69241647783453E-01 0.32677013153275E-06 -.77101955321705E+01
 174 0.70951916483704E-01 0.35152432991187E-06 -.77096874606158E+01
 175 0.72704428820852E-01 0.37815039782435E-06 -.77091540490853E+01
 176 0.74500228212727E-01 0.40678944633875E-06 -.77085940315876E+01
 177 0.76340383849581E-01 0.43759316753454E-06 -.77080060776084E+01
 178 0.78225991330666E-01 0.47072462053839E-06 -.77073887885850E+01
 179 0.80158173316533E-01 0.50635907499287E-06 -.77067406941497E+01
 180 0.82138080197452E-01 0.54468491602805E-06 -.77060602481235E+01
 181 0.84166890778329E-01 0.58590461507837E-06 -.77053458242371E+01
 182 0.86245812980554E-01 0.63023577117465E-06 -.77045957115556E+01
 183 0.88376084561173E-01 0.67791222764561E-06 -.77038081095785E+01
 184 0.90558973849834E-01 0.72918526948409E-06 -.77029811229864E+01
 185 0.92795780503925E-01 0.78432490697260E-06 -.77021127559995E+01
 186 0.95087836282372E-01 0.84362125151922E-06 -.77012009063124E+01
 187 0.97436505838547E-01 0.90738599003094E-06 -.77002433585627E+01
 188 0.99843187532759E-01 0.97595396454543E-06 -.76992377772883E+01
 189 0.10230931426482E+00 0.10496848642559E-05 -.76981816993225E+01
 190 0.10483635432716E+00 0.11289650374962E-05 -.76970725255715E+01
 191 0.10742581227904E+00 0.12142094317054E-05 -.76959075121110E+01
 192 0.11007922984233E+00 0.13058636698610E-05 -.76946837605339E+01
 193 0.11279818681944E+00 0.14044062723596E-05 -.76933982074718E+01
 194 0.11558430203388E+00 0.15103510338304E-05 -.76920476132082E+01
 195 0.11843923429411E+00 0.16242495648902E-05 -.76906285492876E+01
 196 0.12136468338118E+00 0.17466940093868E-05 -.76891373850201E+01
 197 0.12436239106069E+00 0.18783199482314E-05 -.76875702727686E+01
 198 0.12743414211989E+00 0.20198095014805E-05 -.76859231318927E+01
 199 0.13058176543025E+00 0.21718946409045E-05 -.76841916312151E+01
 200 0.13380713503638E+00 0.23353607258507E-05 -.76823711698602E+01
 201 0.13711217127178E+00 0.25110502757910E-05 -.76804568563019E+01
 202 0.14049884190219E+00 0.26998669935136E-05 -.76784434854411E+01
 203 0.14396916329718E+00 0.29027800534813E-05 -.76763255135206E+01
 204 0.14752520163062E+00 0.31208286704264E-05 -.76740970306635E+01
 205 0.15116907411089E+00 0.33551269637683E-05 -.76717517308081E+01
 206 0.15490295024143E+00 0.36068691339262E-05 -.76692828787889E+01
 207 0.15872905311240E+00 0.38773349670385E-05 -.76666832742969E+01
 208 0.16264966072427E+00 0.41678956849783E-05 -.76639452124303E+01
 209 0.16666710734416E+00 0.44800201578620E-05 -.76610604405263E+01
 210 0.17078378489556E+00 0.48152814964626E-05 -.76580201109409E+01
 211 0.17500214438248E+00 0.51753640420492E-05 -.76548147294263E+01
 212 0.17932469734873E+00 0.55620707711480E-05 -.76514340987269E+01
 213 0.18375401737324E+00 0.59773311325476E-05 -.76478672569999E+01
 214 0.18829274160236E+00 0.64232093335074E-05 -.76441024106399E+01
 215 0.19294357231994E+00 0.69019130915651E-05 -.76401268610702E+01
 216 0.19770927855624E+00 0.74158028675219E-05 -.76359269250434E+01
 217 0.20259269773658E+00 0.79674015940889E-05 -.76314878479782E+01
 218 0.20759673737068E+00 0.85594049132657E-05 -.76267937098452E+01
 219 0.21272437678373E+00 0.91946919337346E-05 -.76218273231066E+01
 220 0.21797866889029E+00 0.98763365173627E-05 -.76165701222076E+01
 221 0.22336274201188E+00 0.10607619101238E-04 -.76110020441216E+01
 222 0.22887980173958E+00 0.11392039058486E-04 -.76051013994570E+01
 223 0.23453313284254E+00 0.12233327597353E-04 -.75988447336537E+01
 224 0.24032610122375E+00 0.13135461193634E-04 -.75922066778245E+01
 225 0.24626215592398E+00 0.14102675546422E-04 -.75851597888393E+01
 226 0.25234483117530E+00 0.15139480041291E-04 -.75776743783044E+01
 227 0.25857774850533E+00 0.16250672698301E-04 -.75697183301686E+01
 228 0.26496461889341E+00 0.17441355574644E-04 -.75612569067788E+01
 229 0.27150924498008E+00 0.18716950583179E-04 -.75522525433317E+01
 230 0.27821552333109E+00 0.20083215678610E-04 -.75426646308174E+01
 231 0.28508744675737E+00 0.21546261352430E-04 -.75324492877304E+01
 232 0.29212910669227E+00 0.23112567366195E-04 -.75215591210458E+01
 233 0.29934469562757E+00 0.24788999639972E-04 -.75099429772208E+01
 234 0.30673850960957E+00 0.26582827199138E-04 -.74975456842915E+01
 235 0.31431495079693E+00 0.28501739068041E-04 -.74843077865045E+01
 236 0.32207853008161E+00 0.30553860983566E-04 -.74701652733486E+01
 237 0.33003386977463E+00 0.32747771785483E-04 -.74550493053511E+01
 238 0.33818570635806E+00 0.35092519323855E-04 -.74388859395763E+01
 239 0.34653889330511E+00 0.37597635707116E-04 -.74215958584207E+01
 240 0.35509840396974E+00 0.40273151698053E-04 -.74030941060493E+01
 241 0.36386933454780E+00 0.43129610049401E-04 -.73832898376642E+01
 242 0.37285690711113E+00 0.46178077556820E-04 -.73620860877509E+01
 243 0.38206647271677E+00 0.49430155595426E-04 -.73393795645094E+01
 244 0.39150351459288E+00 0.52897988897860E-04 -.73150604788615E+01
 245 0.40117365140332E+00 0.56594272328295E-04 -.72890124177177E+01
 246 0.41108264059298E+00 0.60532255409224E-04 -.72611122726060E+01
 247 0.42123638181563E+00 0.64725744367999E-04 -.72312302362908E+01
 248 0.43164092044648E+00 0.69189101489802E-04 -.71992298816383E+01
 249 0.44230245118150E+00 0.73937241595137E-04 -.71649683387068E+01
 250 0.45322732172569E+00 0.78985625505430E-04 -.71282965878198E+01
 251 0.46442203657231E+00 0.84350250422391E-04 -.70890598881973E+01
 252 0.47589326087565E+00 0.90047637228256E-04 -.70470983635207E+01
 253 0.48764782441928E+00 0.96094814817528E-04 -.70022477675448E+01
 254 0.49969272568243E+00 0.10250930169919E-03 -.69543404544592E+01
 255 0.51203513600679E+00 0.10930908526417E-03 -.69032065800599E+01
 256 0.52468240386616E+00 0.11651259929801E-03 -.68486755608058E+01
 257 0.53764205924165E+00 0.12413870053519E-03 -.67905778183612E+01
 258 0.55092181810492E+00 0.13220664529948E-03 -.67287468371109E+01
 259 0.56452958701211E+00 0.14073606755331E-03 -.66630215611773E+01
 260 0.57847346781131E+00 0.14974695998637E-03 -.65932491554561E+01
 261 0.59276176246625E+00 0.15925966010347E-03 -.65192881518482E+01
 262 0.60740297799916E+00 0.16929484361750E-03 -.64410119969220E+01
 263 0.62240583155574E+00 0.17987352780208E-03 -.63583130103532E+01
 264 0.63777925559517E+00 0.19101708779569E-03 -.62711067543021E+01
 265 0.65353240320837E+00 0.20274728915298E-03 -.61793368019978E+01
 266 0.66967465356762E+00 0.21508634018292E-03 -.60829798787811E+01
 267 0.68621561751074E+00 0.22805696776520E-03 -.59820513302421E+01
 268 0.70316514326325E+00 0.24168252035539E-03 -.58766108494017E+01
 269 0.72053332230186E+00 0.25598710172962E-03 -.57667683676068E+01
 270 0.73833049536271E+00 0.27099573862818E-03 -.56526899814262E+01
 271 0.75656725859817E+00 0.28673458477522E-03 -.55346037498098E+01
 272 0.77525446988555E+00 0.30323116271577E-03 -.54128051515848E+01
 273 0.79440325529172E+00 0.32051464345854E-03 -.52876619425185E+01
 274 0.81402501569742E+00 0.33861616198153E-03 -.51596180932514E+01
 275 0.83413143358515E+00 0.35756916419803E-03 -.50291964241571E+01
 276 0.85473447999470E+00 0.37740977796114E-03 -.48969994806777E+01
 277 0.87584642165057E+00 0.39817719710878E-03 -.47637081136393E+01
 278 0.89747982826534E+00 0.41991406347331E-03 -.46300771452818E+01
 279 0.91964758002349E+00 0.44266682733509E-03 -.44969274170414E+01
 280 0.94236287525008E+00 0.46648606223833E-03 -.43651334365195E+01
 281 0.96563923826875E+00 0.49142670582243E-03 -.42356057808134E+01
 282 0.98949052745399E+00 0.51754819498594E-03 -.41092673918073E+01
 283 0.10139309434821E+01 0.54491446221502E-03 -.39870229485734E+01
 284 0.10389750377861E+01 0.57359376155268E-03 -.38697206727188E+01
 285 0.10646377212194E+01 0.60365829914806E-03 -.37581062889116E+01
 286 0.10909342729335E+01 0.63518365669992E-03 -.36527695327499E+01
 287 0.11178803494750E+01 0.66824801876643E-03 -.35540847228535E+01
 288 0.11454919941070E+01 0.70293124912790E-03 -.34621486996383E+01
 289 0.11737856463615E+01 0.73931390852895E-03 -.33767221527690E+01
 290 0.12027781518266E+01 0.77747636510605E-03 -.32971843660417E+01
 291 0.12324867721767E+01 0.81749821335013E-03 -.32225171514560E+01
 292 0.12629291954495E+01 0.85945827150026E-03 -.31513417914994E+01
 293 0.12941235465771E+01 0.90343543754827E-03 -.30820438890998E+01
 294 0.13260883981776E+01 0.94951058840264E-03 -.30130361088227E+01
 295 0.13588427816125E+01 0.99776939603020E-03 -.29432292384497E+01
 296 0.13924061983184E+01 0.10483052242529E-02 -.28728097755974E+01
 297 0.14267986314168E+01 0.11012202051278E-02 -.28035417714682E+01
 298 0.14620405576128E+01 0.11566232502662E-02 -.27359483706604E+01
 299 0.14981529593859E+01 0.12146280249504E-02 -.26699880664452E+01
 300 0.15351573374827E+01 0.12753535922971E-02 -.26056205992324E+01
 301 0.15730757237185E+01 0.13389246477999E-02 -.25428068774703E+01
 302 0.16119306940944E+01 0.14054716686208E-02 -.24815089092355E+01
 303 0.16517453822385E+01 0.14751311608144E-02 -.24216897428874E+01
 304 0.16925434931798E+01 0.15480458933725E-02 -.23633134153705E+01
 305 0.17343493174613E+01 0.16243651392335E-02 -.23063449069466E+01
 306 0.17771877456026E+01 0.17042449222147E-02 -.22507501013057E+01
 307 0.18210842829190E+01 0.17878482708544E-02 -.21964957501642E+01
 308 0.18660650647071E+01 0.18753454805489E-02 -.21435494415941E+01
 309 0.19121568718054E+01 0.19669143856856E-02 -.20918795714464E+01
 310 0.19593871465390E+01 0.20627406438426E-02 -.20414553173390E+01
 311 0.20077840090585E+01 0.21630180345259E-02 -.19922466147677E+01
 312 0.20573762740822E+01 0.22679487753519E-02 -.19442241349782E+01
 313 0.21081934680520E+01 0.23777438590506E-02 -.18973592643018E+01
 314 0.21602658467129E+01 0.24926234151627E-02 -.18516240847150E+01
 315 0.22136244131267E+01 0.26128171008381E-02 -.18069913554265E+01
 316 0.22683009361310E+01 0.27385645256967E-02 -.17634344953373E+01
 317 0.23243279692534E+01 0.28701157162984E-02 -.17209275662485E+01
 318 0.23817388700940E+01 0.30077316263774E-02 -.16794452567175E+01
 319 0.24405678201853E+01 0.31516846996239E-02 -.16389628664862E+01
 320 0.25008498453439E+01 0.33022594924466E-02 -.15994562914177E+01
 321 0.25626208365239E+01 0.34597533648122E-02 -.15609020088941E+01
 322 0.26259175711860E+01 0.36244772479430E-02 -.15232770636372E+01
 323 0.26907777351943E+01 0.37967564983442E-02 -.14865590539209E+01
 324 0.27572399452536E+01 0.39769318483470E-02 -.14507261181515E+01
 325 0.28253437719014E+01 0.41653604640698E-02 -.14157569217971E+01
 326 0.28951297630673E+01 0.43624171224419E-02 -.13816306446483E+01
 327 0.29666394682151E+01 0.45684955196865E-02 -.13483269683983E+01
 328 0.30399154630800E+01 0.47840097244311E-02 -.13158260645299E+01
 329 0.31150013750181E+01 0.50093957894168E-02 -.12841085825003E+01
 330 0.31919419089810E+01 0.52451135366004E-02 -.12531556382132E+01
 331 0.32707828741328E+01 0.54916485313119E-02 -.12229488027720E+01
 332 0.33515712111239E+01 0.57495142620368E-02 -.11934700915050E+01
 333 0.34343550200387E+01 0.60192545433557E-02 -.11647019532560E+01
 334 0.35191835890336E+01 0.63014461606010E-02 -.11366272599337E+01
 335 0.36061074236828E+01 0.65967017758889E-02 -.11092292963138E+01
 336 0.36951782770477E+01 0.69056731163743E-02 -.10824917500862E+01
 337 0.37864491804908E+01 0.72290544668584E-02 -.10563987021430E+01
 338 0.38799744752489E+01 0.75675864902737E-02 -.10309346171005E+01
 339 0.39758098447876E+01 0.79220604010822E-02 -.10060843340494E+01
 340 0.40740123479538E+01 0.82933225182665E-02 -.98183305752845E+00
 341 0.41746404529483E+01 0.86822792263654E-02 -.95816634871518E+00
 342 0.42777540721361E+01 0.90899023749132E-02 -.93507011682949E+00
 343 0.43834145977179E+01 0.95172351486721E-02 -.91253061074411E+00
 344 0.44916849382815E+01 0.99653984431736E-02 -.89053441079741E+00
 345 0.46026295562571E+01 0.10435597782270E-01 -.86906842080356E+00
 346 0.47163145062966E+01 0.10929130816556E-01 -.84811986025526E+00
 347 0.48328074746021E+01 0.11447395443545E-01 -.82767625671441E+00
 348 0.49521778192248E+01 0.11991898592159E-01 -.80772543838627E+00
 349 0.50744966113597E+01 0.12564265715157E-01 -.78825552687252E+00
 350 0.51998366776603E+01 0.13166251033109E-01 -.76925493009907E+00
 351 0.53282726435985E+01 0.13799748571765E-01 -.75071233541434E+00
 352 0.54598809778953E+01 0.14466804030209E-01 -.73261670285385E+00
 353 0.55947400380494E+01 0.15169627508483E-01 -.71495725856724E+00
 354 0.57329301169892E+01 0.15910607108347E-01 -.69772348840367E+00
 355 0.58745334908788E+01 0.16692323396241E-01 -.68090513165187E+00
 356 0.60196344681035E+01 0.17517564678777E-01 -.66449217493107E+00
 357 0.61683194394657E+01 0.18389342981630E-01 -.64847484622921E+00
 358 0.63206769296205E+01 0.19310910533326E-01 -.63284360908481E+00
 359 0.64767976497821E+01 0.20285776423839E-01 -.61758915690915E+00
 360 0.66367745517317E+01 0.21317722918679E-01 -.60270240744526E+00
 361 0.68007028831595E+01 0.22410820645411E-01 -.58817449736045E+00
 362 0.69686802443735E+01 0.23569441518363E-01 -.57399677696931E+00
 363 0.71408066464096E+01 0.24798267832704E-01 -.56016080508374E+00
 364 0.73171845705759E+01 0.26102295487300E-01 -.54665834398725E+00
 365 0.74979190294691E+01 0.27486828914767E-01 -.53348135453034E+00
 366 0.76831176294970E+01 0.28957465258093E-01 -.52062199134414E+00
 367 0.78728906349456E+01 0.30520066004653E-01 -.50807259816935E+00
 368 0.80673510336287E+01 0.32180716012021E-01 -.49582570329789E+00
 369 0.82666146041593E+01 0.33945672597299E-01 -.48387401512431E+00
 370 0.84707999848821E+01 0.35821310290092E-01 -.47221041780453E+00
 371 0.86800287445087E+01 0.37814068417014E-01 -.46082796701915E+00
 372 0.88944254544980E+01 0.39930407565692E-01 -.44971988583893E+00
 373 0.91141177632241E+01 0.42176777356208E-01 -.43887956068988E+00
 374 0.93392364719758E+01 0.44559593678503E-01 -.42830053741571E+00
 375 0.95699156128336E+01 0.47085220685103E-01 -.41797651743506E+00
 376 0.98062925284705E+01 0.49759952095860E-01 -.40790135399147E+00
 377 0.10048507953924E+02 0.52589987158418E-01 -.39806904849367E+00
 378 0.10296706100386E+02 0.55581397915467E-01 -.38847374694415E+00
 379 0.10551034741065E+02 0.58740085595353E-01 -.37910973645374E+00
 380 0.10811645299170E+02 0.62071724739071E-01 -.36997144184028E+00
 381 0.11078692938059E+02 0.65581694127795E-01 -.36105342230924E+00
 382 0.11352336653629E+02 0.69274993787272E-01 -.35235036821435E+00
 383 0.11632739368974E+02 0.73156147423570E-01 -.34385709789631E+00
 384 0.11920068031387E+02 0.77229089667221E-01 -.33556855459774E+00
 385 0.12214493711763E+02 0.81497037521983E-01 -.32747980345246E+00
 386 0.12516191706443E+02 0.85962345463957E-01 -.31958602854734E+00
 387 0.12825341641592E+02 0.90626343739460E-01 -.31188253005498E+00
 388 0.13142127580140E+02 0.95489159582936E-01 -.30436472143553E+00
 389 0.13466738131369E+02 0.10054952133379E+00 -.29702812670589E+00
 390 0.13799366563214E+02 0.10580454578669E+00 -.28986837777485E+00
 391 0.14140210917325E+02 0.11124950957696E+00 -.28288121184234E+00
 392 0.14489474126983E+02 0.11687760599329E+00 -.27606246886146E+00
 393 0.14847364137920E+02 0.12267968933613E+00 -.26940808906164E+00
 394 0.15214094032126E+02 0.12864400981060E+00 -.26291411053151E+00
 395 0.15589882154720E+02 0.13475594296346E+00 -.25657666686007E+00
 396 0.15974952243941E+02 0.14099771884518E+00 -.25039198483465E+00
 397 0.16369533564367E+02 0.14734815739264E+00 -.24435638219445E+00
 398 0.16773861043407E+02 0.15378241796923E+00 -.23846626543813E+00
 399 0.17188175411179E+02 0.16027177253507E+00 -.23271812768433E+00
 400 0.17612723343835E+02 0.16678341350714E+00 -.22710854658371E+00
 401 0.18047757610428E+02 0.17328030893978E+00 -.22163418228136E+00
 402 0.18493537223405E+02 0.17972111912689E+00 -.21629177542829E+00
 403 0.18950327592823E+02 0.18606018998718E+00 -.21107814524084E+00
 404 0.19418400684366E+02 0.19224763951190E+00 -.20599018760695E+00
 405 0.19898035181270E+02 0.19822955397589E+00 -.20102487323797E+00
 406 0.20389516650247E+02 0.20394831036514E+00 -.19617924586511E+00
 407 0.20893137711508E+02 0.20934304037389E+00 -.19145042047927E+00
 408 0.21409198212983E+02 0.21435024918967E+00 -.18683558161342E+00
 409 0.21938005408843E+02 0.21890459894664E+00 -.18233198166627E+00
 410 0.22479874142442E+02 0.22293986205550E+00 -.17793693926639E+00
 411 0.23035127033760E+02 0.22639004353659E+00 -.17364783767580E+00
 412 0.23604094671494E+02 0.22919066400313E+00 -.16946212323198E+00
 413 0.24187115809880E+02 0.23128018618474E+00 -.16537730382744E+00
 414 0.24784537570384E+02 0.23260155810391E+00 -.16139094742602E+00
 415 0.25396715648372E+02 0.23310383562893E+00 -.15750068061484E+00
 416 0.26024014524887E+02 0.23274383669537E+00 -.15370418719122E+00
 417 0.26666807683652E+02 0.23148776973372E+00 -.14999920678366E+00
 418 0.27325477833438E+02 0.22931277060689E+00 -.14638353350607E+00
 419 0.28000417135924E+02 0.22620827656166E+00 -.14285501464435E+00
 420 0.28692027439181E+02 0.22217716324591E+00 -.13941154937480E+00
 421 0.29400720516929E+02 0.21723657255283E+00 -.13605108751322E+00
 422 0.30126918313697E+02 0.21141836553878E+00 -.13277162829436E+00
 423 0.30871053196045E+02 0.20476914622045E+00 -.12957121918060E+00
 424 0.31633568209988E+02 0.19734981858412E+00 -.12644795469952E+00
 425 0.32414917344774E+02 0.18923466005159E+00 -.12339997530938E+00
 426 0.33215565803190E+02 0.18050991886894E+00 -.12042546629198E+00
 427 0.34035990278529E+02 0.17127196888515E+00 -.11752265667218E+00
 428 0.34876679238409E+02 0.16162508108383E+00 -.11468981816354E+00
 429 0.35738133215598E+02 0.15167889494896E+00 -.11192526413930E+00
 430 0.36620865106023E+02 0.14154569899342E+00 -.10922734862818E+00
 431 0.37525400474142E+02 0.13133761235070E+00 -.10659446533442E+00
 432 0.38452277865853E+02 0.12116381713508E+00 -.10402504668138E+00
 433 0.39402049129139E+02 0.11112795514174E+00 -.10151756287829E+00
 434 0.40375279742629E+02 0.10132579174607E+00 -.99070521009351E-01
 435 0.41372549152272E+02 0.91843243114464E-01 -.96682464144966E-01
 436 0.42394451116333E+02 0.82754836458875E-01 -.94351970474249E-01
 437 0.43441594058907E+02 0.74122646353722E-01 -.92077652458520E-01
 438 0.44514601432162E+02 0.65995721971565E-01 -.89858156005189E-01
 439 0.45614112087536E+02 0.58409992775084E-01 -.87692159661546E-01
 440 0.46740780656098E+02 0.51388615793180E-01 -.85578373827993E-01
 441 0.47895277938304E+02 0.44942707742505E-01 -.83515539990233E-01
 442 0.49078291303380E+02 0.39072391003605E-01 -.81502429969974E-01
 443 0.50290525098573E+02 0.33768074278712E-01 -.79537845193688E-01
 444 0.51532701068508E+02 0.29011886512659E-01 -.77620615979006E-01
 445 0.52805558784900E+02 0.24779185718880E-01 -.75749600838300E-01
 446 0.54109856086887E+02 0.21040071726949E-01 -.73923685799062E-01
 447 0.55446369532233E+02 0.17760842357774E-01 -.72141783740668E-01
 448 0.56815894859680E+02 0.14905344883003E-01 -.70402833747115E-01
 449 0.58219247462714E+02 0.12436187656778E-01 -.68705800475373E-01
 450 0.59657262875043E+02 0.10315789502724E-01 -.67049673538961E-01
 451 0.61130797268056E+02 0.85072560490923E-02 -.65433466906373E-01
 452 0.62640727960577E+02 0.69750821533502E-02 -.63856218314017E-01
 453 0.64187953941203E+02 0.56856866674925E-02 -.62316988693295E-01
 454 0.65773396403551E+02 0.46078071812375E-02 -.60814861611488E-01
 455 0.67397999294719E+02 0.37126263812660E-02 -.59348942726155E-01
 456 0.69062729877298E+02 0.29745168542993E-02 -.57918359252616E-01
 457 0.70768579305268E+02 0.23692498507208E-02 -.56522259444340E-01
 458 0.72516563214108E+02 0.00000000000000E+00 -.55159812085825E-01
 459 0.74307722325496E+02 0.00000000000000E+00 -.53830205997682E-01
 460 0.76143123066936E+02 0.00000000000000E+00 -.52532649553705E-01
 461 0.78023858206689E+02 0.00000000000000E+00 -.51266370209530E-01

                                                                            ()
