()                                                                          ()

<?xml version="1.0" encoding="UTF-8"?> <!--This file was created by G+Smo
20.12.0--> <xml>
 <Geometry type="TensorBSpline2" id="0">
  <Basis type="TensorBSplineBasis2">
   <Basis type="BSplineBasis" index="0">
    <KnotVector degree="3">0 0 0 0 1 1 1 1 </KnotVector>
   </Basis>
   <Basis type="BSplineBasis" index="1">
    <KnotVector degree="3">0 0 0 0 1 1 1 1 </KnotVector>
   </Basis>
  </Basis>
  <coefs geoDim="2">-0.1 -0.15 1.183333333333333 0.5666666666666667
2.466666666666667 1.283333333333333 3.75 2 -0.1166666666666667
-1.366666666666667 1.166666666666667 -0.6722222222222223 2.45
0.02222222222222222 3.733333333333333 0.7166666666666667 -0.1333333333333333
-2.583333333333333 1.15 -1.911111111111111 2.433333333333333
-1.238888888888889 3.716666666666667 -0.5666666666666667 -0.15 -3.8
1.133333333333333 -3.15 2.416666666666667 -2.5 3.7 -1.85 </coefs>
 </Geometry>
 <Geometry type="TensorBSpline2" id="1">
  <Basis type="TensorBSplineBasis2">
   <Basis type="BSplineBasis" index="0">
    <KnotVector degree="3">0 0 0 0 1 1 1 1 </KnotVector>
   </Basis>
   <Basis type="BSplineBasis" index="1">
    <KnotVector degree="3">0 0 0 0 1 1 1 1 </KnotVector>
   </Basis>
  </Basis>
  <coefs geoDim="2">-0.1 -0.15 -1.25 0.5666666666666667 -2.4 1.283333333333333
-3.55 2 1.183333333333333 0.5666666666666667 0.005555555555555556 1.25
-1.172222222222222 1.933333333333333 -2.35 2.616666666666667 2.466666666666667
1.283333333333333 1.261111111111111 1.933333333333333 0.05555555555555555
2.583333333333333 -1.15 3.233333333333333 3.75 2 2.516666666666667
2.616666666666667 1.283333333333333 3.233333333333333 0.05 3.85 </coefs>
 </Geometry>
 <Geometry type="TensorBSpline2" id="2">
  <Basis type="TensorBSplineBasis2">
   <Basis type="BSplineBasis" index="0">
    <KnotVector degree="3">0 0 0 0 1 1 1 1 </KnotVector>
   </Basis>
   <Basis type="BSplineBasis" index="1">
    <KnotVector degree="3">0 0 0 0 1 1 1 1 </KnotVector>
   </Basis>
  </Basis>
  <coefs geoDim="2">-0.1 -0.15 -0.1166666666666667 -1.366666666666667
-0.1333333333333333 -2.583333333333333 -0.15 -3.8 -1.25 0.5666666666666667
-1.227777777777778 -0.7111111111111111 -1.205555555555555 -1.988888888888889
-1.183333333333333 -3.266666666666667 -2.4 1.283333333333333
-2.338888888888889 -0.05555555555555555 -2.277777777777778 -1.394444444444444
-2.216666666666667 -2.733333333333333 -3.55 2 -3.45 0.6 -3.35 -0.8 -3.25 -2.2
</coefs>
 </Geometry>
 <MultiPatch parDim="2" id="3">
  <patches type="id_range">0 2</patches>
  <interfaces>2 3 0 1 1 0 1 0 2 1 1 3 1 0 0 1 1 1 0 3 1 0 0 1 </interfaces>
  <boundary>2 4 1 4 1 2 0 4 0 2 2 2 </boundary>
 </MultiPatch>
 <Basis type="TensorBSplineBasis2" id="4">
  <Basis type="BSplineBasis" index="0">
   <KnotVector degree="3">0 0 0 0 1 1 1 1 </KnotVector>
  </Basis>
  <Basis type="BSplineBasis" index="1">
   <KnotVector degree="3">0 0 0 0 1 1 1 1 </KnotVector>
  </Basis>
 </Basis>
 <Basis type="TensorBSplineBasis2" id="5">
  <Basis type="BSplineBasis" index="0">
   <KnotVector degree="3">0 0 0 0 1 1 1 1 </KnotVector>
  </Basis>
  <Basis type="BSplineBasis" index="1">
   <KnotVector degree="3">0 0 0 0 1 1 1 1 </KnotVector>
  </Basis>
 </Basis>
 <Basis type="TensorBSplineBasis2" id="6">
  <Basis type="BSplineBasis" index="0">
   <KnotVector degree="3">0 0 0 0 1 1 1 1 </KnotVector>
  </Basis>
  <Basis type="BSplineBasis" index="1">
   <KnotVector degree="3">0 0 0 0 1 1 1 1 </KnotVector>
  </Basis>
 </Basis>
 <MultiBasis parDim="2" id="7">
  <patches type="id_range">4 6</patches>
  <interfaces>2 3 0 1 1 0 1 0 2 1 1 3 1 0 0 1 1 1 0 3 1 0 0 1 </interfaces>
  <boundary>2 4 1 4 1 2 0 4 0 2 2 2 </boundary>
 </MultiBasis>
 <SparseMatrix rows="48" cols="24" id="8">0 0 1 1 0 0.9255281220766312 4 0
0.8777264657546304 5 0 0.8829212659688745 16 0 1 17 0 1.205441087816985 20 0
0.9255281220766312 21 0 1.555261157367528 22 0 0.3689121021819737 25 0
0.6011896908041091 32 0 1 33 0 0.8777264657546304 36 0 1.205441087816985 37 0
1.564674260624346 38 0 0.5117712415877351 41 0 0.5303077580441189 1 1 1 4 1
-0.509018291622141 5 1 0.8216505148235186 9 1 1.025924602096498 17 1
-0.3378241601283971 20 1 1 21 1 1.46506253896873 22 1 1.339520715931069 25 1
0.6495639370257107 33 1 -0.509018291622141 36 1 -0.3378241601283971 37 1
-1.923892212720806 38 1 -1.134512576643144 41 1 -1.563174139522563 4 2
-0.3494190226300665 5 2 -0.8995132870341156 6 2 -0.8194909580783919 9 2
-0.5311902832213504 17 2 0.3932686669185295 21 2 1 22 2 0.5608981459410207 25
2 0.8396788936749543 33 2 -0.3494190226300665 36 2 0.3932686669185295 37 2
-0.009354590781538771 38 2 0.2300112621407367 41 2 -0.2588760673573942 10 3 1
26 4 1 42 5 1 11 6 1 14 7 1 15 8 1 27 9 1 30 10 1 31 11 1 43 12 1 46 13 1 47
14 1 2 15 8.376193593046631 3 15 -7.77053870205798 4 15 -0.8884995221408092 5
15 -4.546542757105371 6 15 6.37068488262457 9 15 -3.611594491061158 17 15 1 22
15 -0.861779081049594 24 15 8.376193593046631 25 15 9.644015365584654 28 15
-7.77053870205798 33 15 -0.8884995221408092 36 15 1 37 15 2.033775820355391 38
15 2.431006433571445 41 15 1.584799531041362 3 16 19.15184381778742 6 16
-6.054229934924078 25 16 1 28 16 19.15184381778742 29 16 20.11496746203905 2
17 2.035465078430157 3 17 -48.20332292455257 5 17 -1.098031496062992 6 17
16.11614408939773 9 17 -1.098818897637795 18 17 -1.688239512370025 22 17
-2.32742409722144 23 17 -1.911387096886973 24 17 2.035465078430157 28 17
-48.20332292455257 29 17 -48.6441641343505 37 17 1 38 17 0.897244094488189 40
17 -1.688239512370025 41 17 -0.4293877005586488 19 18 -37.08482142857143 22 18
1 23 18 -32.92633928571428 41 18 10.17410714285714 44 18 -37.08482142857143 19
19 -3.37647902474005 23 19 -3.243635711724632 41 19 1 44 19 -3.37647902474005
45 19 0.2409465758336321 2 20 -1.853740157480315 3 20 43.89976343792167 5 20 1
6 20 -14.67730583975268 8 20 -1.213762344695763 9 20 -0.2800494558294997 24 20
-1.853740157480315 28 20 43.89976343792167 29 20 44.30124664799221 34 20
-1.213762344695763 38 20 -1.721744870333111 39 20 -1.061552806665123 9 21
6.383947939262473 12 21 -18.16268980477223 35 21 -18.16268980477223 38 21 1 39
21 -17.10845986984816 9 22 1 12 22 -2.427524689391526 13 22 0.4405861739407455
35 22 -2.427524689391526 39 22 -2.646384198789423 3 23 -3.70748031496063 6 23
1 7 23 -0.544488188976378 28 23 -3.70748031496063 29 23 -3.336023622047244
</SparseMatrix> </xml>


                                                                            ()
