()                                                                          ()

demo-
browser/???????????????????????????????????????????????????????????????????????????????????????0000750?0001750?0000144?00000000000?10205317144?014422?
5????????????????????????????????????????????????????????????????????????????????????????????????????ustar
?dcaliste????????????????????????users???????????????????????????0000000?0000000????????????????????????????????????????????????????????????????????????????????????????????????????????????????????????????????????????????????????????????????????????demo-
browser/pos005.ascii???????????????????????????????????????????????????????????????????????????0000640?0001750?0000144?00000004533?10145523326?016474?
0????????????????????????????????????????????????????????????????????????????????????????????????????ustar
?dcaliste????????????????????????users???????????????????????????0000000?0000000????????????????????????????????????????????????????????????????????????????????????????????????????????????????????????????????????????????????????????????????????????#Fichier
visu
   10.8596          0    10.8596
         0          0    10.8596 #Atomes -0.0267234 -0.0290518  -0.098374 Si
   2.79776 -0.0548757    2.78374 Si -0.0545053    2.79818    2.78294 Si
   1.35618    4.09361    4.10525 Si
   4.09387    1.35549     4.1053 Si
   4.07932    4.07689     1.5026 Si -0.0151874 -0.0149757    5.40946 Si
   2.70875    2.70828    5.43629 Si
   2.68129 -0.0408525    8.11795 Si -0.0414875    2.68039    8.11747 Si
   1.33712    1.33675    6.77241 Si
   1.28987    4.07403    9.42301 Si
   4.07165    1.29352    9.42454 Si
   4.06667    4.06652    6.79083 Si
 0.0127532     5.4075 -0.00211671 Si
   2.69102    8.12917 -0.00264589 Si
   2.70076    5.47143    2.77971 Si 0.00820225    8.14118    2.71018 Si
    1.3594    6.77569    1.35644 Si
   1.36459    9.49619     4.0589 Si
   4.08345    6.81877    4.09059 Si
   4.05572    9.49238     1.3376 Si -0.0302689    5.43523    5.44232 Si
   2.70076    8.14118    5.43962 Si
   2.69748    5.41025    8.15182 Si -0.0365661    8.10001    8.13314 Si
   1.34321    6.76881    6.78527 Si
   1.33808    9.44513    9.45666 Si
   4.04424    6.76146    9.51318 Si
   4.07387    9.47143    6.78627 Si
   5.40634   0.014129 -0.00248713 Si
   8.13049    2.68938 -0.0032809 Si
   8.14208 0.00740848    2.71002 Si
   5.47302    2.69907     2.7803 Si
   6.77664     1.3584    1.35618 Si
   6.81855    4.08377     4.0907 Si
   9.49624    1.36491    4.05847 Si
   9.49201    4.05546    1.33734 Si
   5.43555 -0.0305864    5.44248 Si
   8.14092    2.70081    5.43941 Si
   8.09953 -0.0371482     8.1324 Si
   5.41047     2.6979    8.15229 Si
   6.76844    1.34348    6.78516 Si
   6.76267    4.04365    9.51344 Si
   9.44624    1.33527    9.45624 Si
   9.47143     4.0735    6.78601 Si
   5.39327    5.39247 -0.0032809 Si
   8.13615    8.13684  0.0118536 Si
   8.14954    5.42385    2.71653 Si
   5.42412    8.14986    2.71701 Si
   6.77199     6.7722    1.35051 Si
   6.79411    9.50169    4.05519 Si
   9.50191    6.79331    4.05477 Si
   9.51148    9.51058     1.3766 Si
   5.42798     5.4283    5.44026 Si
   8.13128    8.13054    5.42269 Si
   8.11382    5.40861    8.16933 Si
   5.40888     8.1134    8.16944 Si
   6.77918    6.77887    6.79612 Si
   6.76236    9.48741    9.50254 Si
   9.48667    6.76331    9.50249 Si
   9.48555    9.48524    6.77035 Si
   2.51089    2.51116   0.888753 Si
   1.58118    1.58668   0.439588 Ge

                                                                            ()
